AD_T10_1	AD_T10_2	AD_T10_3	AD_T3_1	AD_T3_2	AD_T3_3	gene_id	gene
36	59	62	0	2	0	ENSG00000213417	KRTAP2-4
83	97	76	430	466	433	ENSG00000131652	THOC6
49	27	24	10	4	9	ENSG00000232977	LINC00327
19	28	60	8	9	9	ENSG00000155792	DEPTOR
29	20	21	12	1	4	ENSG00000070669	ASNS
5	3	0	35	33	18	ENSG00000010319	SEMA3G
1	6	4	27	51	25	ENSG00000145861	C1QTNF2
29	22	34	0	0	3	ENSG00000041353	RAB27B
85	196	168	607	746	781	ENSG00000092470	WDR76
42	72	87	589	902	648	ENSG00000204291	COL15A1
40	12	25	127	121	83	ENSG00000175305	CCNE2
91	158	117	20	21	42	ENSG00000115266	APC2
1	7	4	27	17	34	ENSG00000198797	BRINP2
32	29	15	6	3	3	ENSG00000232679	LINC01705
27	13	36	0	4	1	ENSG00000238078	LINC01352
34	13	15	4	6	5	ENSG00000266904	LINC00663
23409	9024	13578	1409	346	1207	ENSG00000196611	MMP1
112	150	139	13	37	36	ENSG00000187546	AGMO
7	6	5	23	28	54	ENSG00000272821	U62317.3
39	34	29	15	4	1	ENSG00000182272	B4GALNT4
100	144	165	620	889	758	ENSG00000112029	FBXO5
599	592	953	68	119	140	ENSG00000108691	CCL2
381	543	486	2569	2423	2310	ENSG00000146918	NCAPG2
125	198	128	1953	2460	1284	ENSG00000066279	ASPM
19	38	57	11	6	1	ENSG00000130475	FCHO1
12	9	5	1	0	0	ENSG00000253557	AC100849.1
85	165	184	1075	963	1204	ENSG00000093009	CDC45
16	10	18	3	4	4	ENSG00000277067	CU634019.1
22	21	16	3	1	3	ENSG00000205710	C17orf107
6	29	25	2	7	4	ENSG00000165272	AQP3
34	58	37	172	225	165	ENSG00000198924	DCLRE1A
10	11	24	1	2	1	ENSG00000183111	ARHGEF37
1571	1108	1272	257	241	420	ENSG00000130066	SAT1
14	9	8	69	87	41	ENSG00000106809	OGN
9	69	36	341	260	408	ENSG00000112655	PTK7
16	18	18	6	3	2	ENSG00000251248	AC139720.2
187	356	282	1275	1486	1646	ENSG00000105486	LIG1
46	36	57	218	233	226	ENSG00000280206	AC026401.3
4	7	5	0	0	0	ENSG00000272196	HIST2H2AA4
49	106	104	772	989	933	ENSG00000135451	TROAP
75	103	80	514	522	512	ENSG00000146281	PM20D2
0	0	0	15	8	5	ENSG00000171004	HS6ST2
43	44	57	8	9	17	ENSG00000176826	FKBP9P1
16	5	7	0	1	2	ENSG00000152154	TMEM178A
34	80	91	753	1024	790	ENSG00000117650	NEK2
149	231	272	1319	1938	1554	ENSG00000123485	HJURP
76	157	112	6	19	32	ENSG00000187583	PLEKHN1
31	21	31	3	6	0	ENSG00000244459	AC147067.1
170	216	281	1238	1495	1301	ENSG00000101003	GINS1
64	61	33	4	0	3	ENSG00000167861	HID1
0	9	6	46	51	56	ENSG00000231007	CDC20P1
157	280	242	1737	2008	1962	ENSG00000157456	CCNB2
49	60	70	6	16	23	ENSG00000267317	AC027307.2
369	99	115	5	1	2	ENSG00000115919	KYNU
163	233	282	875	1054	930	ENSG00000143476	DTL
325	123	129	1345	789	984	ENSG00000182636	NDN
7	15	9	54	14	76	ENSG00000119630	PGF
38	29	24	6	3	3	ENSG00000183549	ACSM5
159	349	326	1569	1641	2066	ENSG00000127564	PKMYT1
5	25	10	72	79	78	ENSG00000100206	DMC1
52	173	131	1239	1518	1543	ENSG00000123080	CDKN2C
113	19	56	558	284	215	ENSG00000006016	CRLF1
514	672	623	2346	2977	2674	ENSG00000119403	PHF19
12	9	6	0	0	0	ENSG00000140297	GCNT3
39	11	46	2	9	6	ENSG00000227619	AL391056.1
1320	892	1095	84	150	124	ENSG00000128606	LRRC17
85	57	62	21	17	10	ENSG00000258297	AP001157.1
3	6	6	0	0	0	ENSG00000167476	JSRP1
722	986	1195	3684	3672	4598	ENSG00000132646	PCNA
7	4	14	0	0	1	ENSG00000261017	AC096996.1
0	0	0	6	6	7	ENSG00000279019	AC009090.4
0	1	0	14	7	3	ENSG00000156395	SORCS3
124	164	156	22	34	39	ENSG00000226742	HSBP1L1
18	21	10	3	3	6	ENSG00000166349	RAG1
137	52	56	12	15	9	ENSG00000224383	PRR29
46	8	14	2	0	0	ENSG00000203837	PNLIPRP3
0	0	0	7	5	4	ENSG00000232656	IDI2-AS1
57	139	59	6	10	8	ENSG00000161681	SHANK1
249	255	297	15	15	25	ENSG00000002745	WNT16
136	294	300	2159	2334	2028	ENSG00000090889	KIF4A
86	150	124	457	697	574	ENSG00000170558	CDH2
167	211	187	2046	2824	1343	ENSG00000117724	CENPF
183	265	141	20	5	26	ENSG00000173641	HSPB7
307	194	200	9	6	5	ENSG00000100739	BDKRB1
61	16	27	5	1	2	ENSG00000227744	LINC01940
76	85	83	13	5	25	ENSG00000174939	ASPHD1
91	204	240	1551	2221	1920	ENSG00000101447	FAM83D
1255	926	1286	189	252	181	ENSG00000107281	NPDC1
4	10	9	0	0	0	ENSG00000260420	LINC02182
20	5	4	94	74	60	ENSG00000143196	DPT
27	20	28	8	1	6	ENSG00000223485	LINC01615
36	24	69	7	9	0	ENSG00000156804	FBXO32
96	157	164	1239	1559	1281	ENSG00000080986	NDC80
4	10	6	1	0	0	ENSG00000176933	TOB2P1
92	108	81	9	20	14	ENSG00000196605	ZNF846
0	0	0	5	9	3	ENSG00000284634	AC092821.3
46	26	38	143	201	120	ENSG00000103995	CEP152
5	3	1	20	32	17	ENSG00000267201	LINC01775
41	12	52	188	213	182	ENSG00000183801	OLFML1
95	204	189	1602	1758	1541	ENSG00000024526	DEPDC1
9	13	8	0	1	2	ENSG00000265096	C1QTNF1-AS1
10	15	26	1	2	5	ENSG00000105427	CNFN
177	223	227	2	0	2	ENSG00000233308	OSTN-AS1
106	11	12	1	9	8	ENSG00000268350	FAM156A
22	38	67	0	3	6	ENSG00000267669	AC098847.1
16	8	16	0	3	0	ENSG00000257551	HLX-AS1
18	16	16	3	2	3	ENSG00000108688	CCL7
13	17	16	3	1	0	ENSG00000205795	CYS1
75	120	96	360	482	358	ENSG00000256663	AC112777.1
62	81	72	568	834	520	ENSG00000118193	KIF14
38	20	27	7	6	3	ENSG00000166046	TCP11L2
131	74	109	13	13	17	ENSG00000163536	SERPINI1
81	124	115	707	1022	806	ENSG00000144554	FANCD2
1	7	1	26	20	27	ENSG00000213626	LBH
1	2	1	21	19	15	ENSG00000241634	AC069499.1
31	22	18	4	3	5	ENSG00000230084	AC006059.1
363	732	791	3695	4403	4494	ENSG00000167900	TK1
22	2	8	0	1	0	ENSG00000253628	AC110011.1
40	55	60	257	350	300	ENSG00000136122	BORA
145	367	377	1784	2023	2278	ENSG00000167513	CDT1
29	8	36	6	7	5	ENSG00000160408	ST6GALNAC6
19	18	15	123	129	125	ENSG00000138587	MNS1
679	1130	1218	7236	8551	8784	ENSG00000134057	CCNB1
7	8	10	33	57	204	ENSG00000164283	ESM1
883	927	976	218	228	244	ENSG00000158828	PINK1
175	175	219	17	12	11	ENSG00000172399	MYOZ2
23	9	27	5	2	2	ENSG00000165474	GJB2
230	474	469	2364	3107	3178	ENSG00000237649	KIFC1
19	2	15	2	1	0	ENSG00000112599	GUCA1B
3	20	24	0	2	1	ENSG00000117600	PLPPR4
0	0	0	6	6	7	ENSG00000134962	KLB
14	19	15	1	2	2	ENSG00000115339	GALNT3
40	12	9	7	0	2	ENSG00000142611	PRDM16
68	60	42	16	9	11	ENSG00000177335	C8orf31
27	11	35	2	2	0	ENSG00000133800	LYVE1
33	59	81	334	675	424	ENSG00000179750	APOBEC3B
7	4	14	0	0	0	ENSG00000140519	RHCG
2	36	11	78	46	124	ENSG00000100842	EFS
24	13	9	126	116	40	ENSG00000283787	AC051649.2
9	12	12	0	0	0	ENSG00000130518	IQCN
217	82	121	25	22	49	ENSG00000115009	CCL20
73	65	24	10	4	14	ENSG00000072954	TMEM38A
244	304	390	1216	1382	1265	ENSG00000029993	HMGB3
137	43	126	28	27	10	ENSG00000268895	A1BG-AS1
19	23	35	1	4	5	ENSG00000196730	DAPK1
2	9	4	0	0	0	ENSG00000223949	ROR1-AS1
61	105	125	418	535	428	ENSG00000188985	DHFRP1
19	37	19	129	145	120	ENSG00000214826	DDX12P
3	7	4	0	0	0	ENSG00000223620	RBM48P1
5	4	5	0	0	0	ENSG00000179058	C9orf50
59	47	54	9	10	19	ENSG00000198074	AKR1B10
127	214	209	1464	1777	1653	ENSG00000168078	PBK
120	154	167	582	772	631	ENSG00000123473	STIL
29	50	39	274	308	310	ENSG00000213347	MXD3
243	144	269	12	19	4	ENSG00000167703	SLC43A2
112	106	71	576	390	364	ENSG00000106976	DNM1
63	31	63	7	3	3	ENSG00000116675	DNAJC6
73	73	39	375	326	619	ENSG00000073861	TBX21
113	90	105	423	499	442	ENSG00000185480	PARPBP
20	28	23	161	201	155	ENSG00000160447	PKN3
139	6	15	1	0	0	ENSG00000198910	L1CAM
5	2	5	9	22	19	ENSG00000280594	BTG3-AS1
47	29	29	6	8	4	ENSG00000198208	RPS6KL1
27	15	30	6	2	8	ENSG00000245573	BDNF-AS
49	25	47	0	13	5	ENSG00000067715	SYT1
11	9	6	0	2	0	ENSG00000152766	ANKRD22
144	234	201	1000	1177	1308	ENSG00000077152	UBE2T
595	786	757	2465	3018	3567	ENSG00000128951	DUT
529	440	768	130	159	129	ENSG00000100342	APOL1
13	9	21	1	3	3	ENSG00000261888	AC144831.1
50	55	36	8	2	7	ENSG00000170689	HOXB9
27	6	15	2	2	2	ENSG00000184343	SRPK3
48	75	66	360	377	385	ENSG00000197299	BLM
405	309	509	15	31	34	ENSG00000008517	IL32
10	14	10	0	0	3	ENSG00000188290	HES4
94	137	45	6	3	6	ENSG00000227517	LINC01483
3	17	10	0	1	0	ENSG00000214376	VSTM5
1173	1437	1407	306	248	372	ENSG00000141574	SECTM1
17	17	14	0	1	0	ENSG00000225138	SLC9A3-AS1
8	4	2	16	26	33	ENSG00000131471	AOC3
232	244	246	55	58	60	ENSG00000139112	GABARAPL1
3300	3215	3230	662	509	712	ENSG00000103485	QPRT
15	20	9	2	3	4	ENSG00000196747	HIST1H2AI
356	114	233	1105	892	1093	ENSG00000163739	CXCL1
24	13	18	2	3	1	ENSG00000282988	AL031777.3
6	9	5	0	0	0	ENSG00000197934	CYYR1-AS1
421	510	389	143	72	79	ENSG00000137834	SMAD6
189	254	261	1106	1337	1055	ENSG00000139734	DIAPH3
33	55	55	256	405	344	ENSG00000171320	ESCO2
36	26	31	178	162	168	ENSG00000138658	ZGRF1
70	39	40	347	137	556	ENSG00000162595	DIRAS3
143	154	177	19	64	36	ENSG00000160951	PTGER1
18	35	33	3	5	2	ENSG00000251144	AC113346.1
14	7	8	0	0	0	ENSG00000215853	RPTN
324	383	351	1920	2779	1862	ENSG00000198826	ARHGAP11A
117	143	160	691	857	714	ENSG00000080839	RBL1
1006	639	599	145	67	95	ENSG00000243742	RPLP0P2
40	30	65	0	8	1	ENSG00000182261	NLRP10
5	14	6	40	60	67	ENSG00000128408	RIBC2
54	57	78	12	12	11	ENSG00000124635	HIST1H2BJ
0	0	0	9	5	5	ENSG00000168913	ENHO
19	19	14	53	78	86	ENSG00000173894	CBX2
14	22	17	151	80	106	ENSG00000007968	E2F2
22	21	29	8	1	9	ENSG00000111907	TPD52L1
16	10	9	3	2	2	ENSG00000161298	ZNF382
18	6	18	0	2	0	ENSG00000046889	PREX2
133	88	187	16	55	15	ENSG00000237807	AC022034.2
48	46	74	330	232	296	ENSG00000183876	ARSI
86	129	122	664	908	721	ENSG00000112742	TTK
92	129	125	39	23	18	ENSG00000099822	HCN2
16	32	42	3	9	4	ENSG00000167100	SAMD14
17	7	8	0	3	0	ENSG00000183248	PRR36
218	334	245	2499	2808	2254	ENSG00000109805	NCAPG
35	30	42	4	11	8	ENSG00000253837	AC090197.1
9	15	7	57	51	58	ENSG00000172197	MBOAT1
999	1514	1280	6206	7094	8149	ENSG00000188486	H2AFX
3	4	3	24	14	39	ENSG00000168421	RHOH
16	16	24	77	103	92	ENSG00000121316	PLBD1
3	5	2	12	24	12	ENSG00000259820	AC083843.3
7	39	38	405	694	732	ENSG00000211772	TRBC2
21	22	33	5	1	7	ENSG00000185499	MUC1
32	18	37	133	175	189	ENSG00000147231	CXorf57
6	4	1	13	26	21	ENSG00000158050	DUSP2
8	9	12	1	0	1	ENSG00000186496	ZNF396
203	124	180	8	12	11	ENSG00000158406	HIST1H4H
432	354	356	62	51	47	ENSG00000187837	HIST1H1C
127	173	174	556	747	700	ENSG00000213390	ARHGAP19
24	25	13	2	4	5	ENSG00000005513	SOX8
657	675	1040	63	96	90	ENSG00000138131	LOXL4
128	216	219	968	1272	1258	ENSG00000144354	CDCA7
1	0	19	0	0	0	ENSG00000260604	AL590004.4
583	704	733	123	106	136	ENSG00000013563	DNASE1L1
4	14	9	47	74	41	ENSG00000138336	TET1
134	86	113	22	18	23	ENSG00000168939	SPRY3
0	0	0	13	2	4	ENSG00000078295	ADCY2
5	6	3	60	13	19	ENSG00000142494	SLC47A1
1	1	2	8	30	31	ENSG00000203756	TMEM244
2	5	7	0	0	0	ENSG00000181790	ADGRB1
119	93	119	457	547	504	ENSG00000146263	MMS22L
22	29	14	1	0	0	ENSG00000103175	WFDC1
5	6	14	0	2	0	ENSG00000139209	SLC38A4
250	347	391	1548	1822	1419	ENSG00000111602	TIMELESS
50	54	61	3	6	0	ENSG00000105639	JAK3
11	18	5	0	0	1	ENSG00000226644	AL121899.1
625	520	642	182	142	101	ENSG00000105514	RAB3D
176	394	444	3366	4299	3843	ENSG00000145386	CCNA2
1791	858	1118	511	187	185	ENSG00000171680	PLEKHG5
126	47	57	19	12	14	ENSG00000091490	SEL1L3
21	43	22	212	164	201	ENSG00000189057	FAM111B
27	69	66	599	742	782	ENSG00000152253	SPC25
72	70	37	12	7	23	ENSG00000073150	PANX2
12	22	6	1	0	5	ENSG00000197191	CYSRT1
37	55	41	11	3	9	ENSG00000112183	RBM24
3	10	4	35	26	39	ENSG00000166689	PLEKHA7
9	12	38	4	6	5	ENSG00000272468	AL021807.1
0	1	0	14	2	9	ENSG00000171724	VAT1L
410	231	287	62	56	41	ENSG00000137266	SLC22A23
12	12	17	4	4	1	ENSG00000198756	COLGALT2
12	8	9	1	1	0	ENSG00000121410	A1BG
4	3	12	65	106	67	ENSG00000099284	H2AFY2
42	36	44	254	248	349	ENSG00000186603	HPDL
0	0	0	5	2	10	ENSG00000111046	MYF6
19	15	18	4	0	2	ENSG00000170369	CST2
1	0	0	4	6	13	ENSG00000196666	FAM180B
101	187	248	2117	2337	1828	ENSG00000137804	NUSAP1
402	427	404	62	45	54	ENSG00000188766	SPRED3
0	4	2	20	25	18	ENSG00000196081	ZNF724
25	52	63	396	410	401	ENSG00000158402	CDC25C
1049	645	669	3044	3885	4816	ENSG00000197766	CFD
25	27	39	3	4	4	ENSG00000128482	RNF112
25	17	12	3	3	2	ENSG00000181409	AATK
95	90	80	19	16	21	ENSG00000251257	AC010457.1
30	35	27	209	189	147	ENSG00000157470	FAM81A
253	271	296	27	28	42	ENSG00000128965	CHAC1
399	687	556	3512	3989	3648	ENSG00000120802	TMPO
21	43	68	5	15	6	ENSG00000224189	HAGLR
3	4	3	20	16	12	ENSG00000268403	AC132192.2
129	200	205	1778	2130	1668	ENSG00000126787	DLGAP5
31	47	53	2	5	8	ENSG00000116833	NR5A2
40	37	46	291	346	323	ENSG00000198056	PRIM1
23426	20021	27602	4640	5705	7573	ENSG00000105825	TFPI2
13	5	12	2	2	0	ENSG00000182870	GALNT9
14	32	41	105	124	137	ENSG00000175643	RMI2
1199	902	1188	187	173	199	ENSG00000197903	HIST1H2BK
41	21	7	1	2	3	ENSG00000137491	SLCO2B1
102	231	181	1493	2040	1355	ENSG00000183856	IQGAP3
18	13	12	3	1	4	ENSG00000186642	PDE2A
8	9	15	0	2	0	ENSG00000277758	FO681492.1
53	6	19	12	2	2	ENSG00000163092	XIRP2
656	1802	6521	153	577	193	ENSG00000137801	THBS1
10	2	4	0	0	0	ENSG00000125538	IL1B
57	72	68	672	692	796	ENSG00000100162	CENPM
186	49	73	22	28	7	ENSG00000232855	AF165147.1
249	106	117	73	10	24	ENSG00000215788	TNFRSF25
8	11	17	51	75	34	ENSG00000237510	GPAT2P1
31	12	18	2	7	4	ENSG00000225975	LINC01534
608	1156	1170	33	134	134	ENSG00000113739	STC2
1	0	5	15	20	11	ENSG00000135472	FAIM2
9	9	6	0	1	0	ENSG00000141293	SKAP1
108	54	105	15	16	18	ENSG00000102996	MMP15
56	9	50	10	9	5	ENSG00000112186	CAP2
23	14	16	2	3	6	ENSG00000237989	LINC01679
5	2	9	0	0	0	ENSG00000261324	AC010168.2
127	183	136	577	580	753	ENSG00000163923	RPL39L
4	4	12	0	1	0	ENSG00000258788	CKS1BP1
1	3	2	15	11	20	ENSG00000185610	DBX2
16	15	18	1	1	1	ENSG00000223396	RPS10P7
132	324	293	3196	3606	3123	ENSG00000112984	KIF20A
320	366	337	1689	1854	1579	ENSG00000156802	ATAD2
0	2	2	7	9	24	ENSG00000117598	PLPPR5
464	795	930	54	280	118	ENSG00000107738	VSIR
1	1	4	21	9	8	ENSG00000178498	DTX3
137	369	376	2705	3001	2632	ENSG00000076382	SPAG5
63	81	86	8	9	5	ENSG00000100100	PIK3IP1
35	48	25	5	6	14	ENSG00000261105	LMO7-AS1
29	13	58	126	167	137	ENSG00000189362	NEMP2
168	129	86	27	8	44	ENSG00000110628	SLC22A18
191	307	237	44	66	51	ENSG00000132563	REEP2
79	50	98	8	4	1	ENSG00000187479	C11orf96
63	41	86	280	356	161	ENSG00000100629	CEP128
8	19	29	0	0	0	ENSG00000153294	ADGRF4
28	68	31	4	15	10	ENSG00000233532	LINC00460
4	3	14	0	0	0	ENSG00000160179	ABCG1
12	13	14	0	3	1	ENSG00000088340	FER1L4
128	206	212	1712	2248	1595	ENSG00000138160	KIF11
88	40	96	6	24	9	ENSG00000180535	BHLHA15
239	235	290	58	81	47	ENSG00000135736	CCDC102A
4	4	7	0	0	0	ENSG00000204613	TRIM10
33	55	83	0	1	0	ENSG00000072952	MRVI1
20	29	14	7	0	0	ENSG00000141854	MISP3
9	2	35	0	0	0	ENSG00000157542	KCNJ6
722	665	590	165	104	130	ENSG00000127863	TNFRSF19
54	138	128	719	882	867	ENSG00000154839	SKA1
236	261	244	1062	1309	1134	ENSG00000162607	USP1
10	11	10	1	0	0	ENSG00000235782	AL031429.1
62	65	53	521	672	493	ENSG00000163808	KIF15
125	320	377	2494	2902	3116	ENSG00000142945	KIF2C
906	667	590	154	170	177	ENSG00000136231	IGF2BP3
70	130	145	738	1043	962	ENSG00000100526	CDKN3
28	71	98	3	4	7	ENSG00000165507	DEPP1
216	392	403	40	81	51	ENSG00000173267	SNCG
3	10	2	0	0	0	ENSG00000213023	SYT3
27	58	64	0	0	1	ENSG00000259721	AC090877.2
2	0	1	12	5	10	ENSG00000198354	DCAF12L2
455	1023	974	7227	8497	8215	ENSG00000117399	CDC20
161	250	286	2002	2255	1782	ENSG00000156970	BUB1B
0	1	0	30	48	23	ENSG00000214357	NEURL1B
9	18	12	103	115	91	ENSG00000129173	E2F8
0	0	0	4	5	7	ENSG00000114115	RBP1
0	1	0	20	11	5	ENSG00000142149	HUNK
27	28	14	0	0	1	ENSG00000258791	LINC00520
0	1	0	6	6	10	ENSG00000278048	RF00004
246	346	390	1794	2090	2107	ENSG00000164109	MAD2L1
36	44	34	7	2	9	ENSG00000003249	DBNDD1
11	3	9	102	111	196	ENSG00000049540	ELN
12	4	7	0	0	0	ENSG00000147697	GSDMC
35	56	36	1	0	5	ENSG00000110203	FOLR3
27	22	18	5	2	2	ENSG00000260807	AC009041.2
278	183	301	14	10	7	ENSG00000184678	HIST2H2BE
272	296	366	1213	1425	1421	ENSG00000134291	TMEM106C
2	4	0	37	26	65	ENSG00000131477	RAMP2
102	153	135	1349	1705	1006	ENSG00000137812	KNL1
177	244	151	17	8	13	ENSG00000188549	CCDC9B
5	3	15	53	77	53	ENSG00000284946	AC068831.7
0	5	1	14	8	17	ENSG00000254639	AC116021.1
23	23	31	1	5	0	ENSG00000163347	CLDN1
1031	1652	1098	57	76	239	ENSG00000197632	SERPINB2
409	514	491	2143	2523	2099	ENSG00000149503	INCENP
46	33	43	15	4	6	ENSG00000229774	AC018866.1
73	64	94	3	4	4	ENSG00000083454	P2RX5
1728	1434	1779	334	300	252	ENSG00000139318	DUSP6
175	124	174	7	6	8	ENSG00000180596	HIST1H2BC
49	36	70	11	9	7	ENSG00000151882	CCL28
5	7	6	0	1	0	ENSG00000258777	HIF1A-AS1
29	15	28	6	0	2	ENSG00000167646	DNAAF3
561	805	570	105	100	176	ENSG00000182667	NTM
53	44	23	13	2	12	ENSG00000155011	DKK2
37	40	55	10	9	10	ENSG00000121743	GJA3
10	8	14	1	2	0	ENSG00000256576	LINC02361
55	51	36	0	4	16	ENSG00000019582	CD74
213	448	482	2895	3443	2765	ENSG00000111206	FOXM1
210	208	207	44	21	29	ENSG00000142583	SLC2A5
176	483	573	32	127	75	ENSG00000113389	NPR3
15	5	7	0	1	0	ENSG00000230882	AC005077.4
29	1	4	0	0	0	ENSG00000237596	AL138828.1
53	98	66	9	3	16	ENSG00000125965	GDF5
7	11	8	0	0	0	ENSG00000168032	ENTPD3
63	102	119	499	533	516	ENSG00000085840	ORC1
28	13	27	12	0	3	ENSG00000204618	RNF39
16	18	20	2	2	1	ENSG00000203780	FANK1
489	924	891	5198	6070	6463	ENSG00000013810	TACC3
495	400	1562	90	274	56	ENSG00000127954	STEAP4
94	151	119	464	580	620	ENSG00000131470	PSMC3IP
33	14	25	1	0	1	ENSG00000186847	KRT14
146	243	852	2	39	12	ENSG00000168398	BDKRB2
188	121	152	22	42	37	ENSG00000278318	ZNF229
669	198	602	39	41	34	ENSG00000119938	PPP1R3C
45	52	20	2	4	11	ENSG00000221890	NPTXR
319	561	459	5642	7203	3400	ENSG00000148773	MKI67
72	35	82	5	7	0	ENSG00000163995	ABLIM2
13	11	20	0	1	5	ENSG00000228626	AC245100.3
77	48	23	10	0	13	ENSG00000104237	RP1
1	2	3	16	5	21	ENSG00000151364	KCTD14
28	33	30	172	193	183	ENSG00000136492	BRIP1
3	4	11	13	46	51	ENSG00000263513	FAM72C
148	129	106	39	28	23	ENSG00000249279	LINC02057
41	18	47	2	21	2	ENSG00000248869	LINC02511
94	117	77	4	5	16	ENSG00000103269	RHBDL1
23	27	40	2	7	1	ENSG00000226835	AC097059.1
760	1420	1346	149	237	230	ENSG00000079931	MOXD1
30	16	12	4	1	0	ENSG00000274021	AC024909.2
1182	1071	938	350	191	227	ENSG00000135424	ITGA7
123	103	88	13	26	31	ENSG00000186088	GSAP
72	30	47	19	14	2	ENSG00000139899	CBLN3
37	5	11	152	28	94	ENSG00000128918	ALDH1A2
6	17	13	36	73	56	ENSG00000133739	LRRCC1
38	26	19	6	0	14	ENSG00000214050	FBXO16
242	214	348	49	16	70	ENSG00000130513	GDF15
5736	5392	7200	866	1240	503	ENSG00000074181	NOTCH3
155	332	351	2144	2471	2129	ENSG00000169679	BUB1
36	20	23	5	0	4	ENSG00000179292	TMEM151A
6319	6092	5514	1259	940	1163	ENSG00000166165	CKB
15	18	3	2	0	1	ENSG00000253616	AC107959.3
147	281	281	1616	2225	2236	ENSG00000134690	CDCA8
21	23	41	3	0	2	ENSG00000174325	DIRC1
132	199	256	1612	1819	1628	ENSG00000121152	NCAPH
4	3	7	0	0	0	ENSG00000181126	HLA-V
14	1	4	0	0	0	ENSG00000280587	LINC01348
8	10	7	1	1	1	ENSG00000236045	AL031283.3
1	1	2	12	8	14	ENSG00000251235	SNRPCP2
31	58	31	8	5	5	ENSG00000165078	CPA6
15	3	4	0	0	0	ENSG00000180730	SHISA2
553	477	496	31	49	57	ENSG00000160191	PDE9A
23	26	9	5	0	2	ENSG00000251281	AC034223.2
170	167	183	1031	1108	658	ENSG00000138182	KIF20B
43	40	42	3	14	5	ENSG00000008300	CELSR3
90	39	62	19	6	16	ENSG00000064687	ABCA7
67	60	87	16	12	14	ENSG00000146021	KLHL3
301	398	396	2169	2486	2776	ENSG00000122952	ZWINT
81	35	67	22	10	10	ENSG00000140022	STON2
26	23	29	4	4	3	ENSG00000172824	CES4A
1800	1172	1439	158	69	151	ENSG00000106484	MEST
482	290	598	93	161	87	ENSG00000102802	MEDAG
73	64	46	15	12	9	ENSG00000116183	PAPPA2
26	19	17	6	5	4	ENSG00000256128	LINC00944
166	88	293	19	11	11	ENSG00000198959	TGM2
2	27	49	1	6	0	ENSG00000198771	RCSD1
11	6	3	0	1	0	ENSG00000251393	AC005280.1
928	1333	1333	5841	6615	5428	ENSG00000109685	NSD2
9	3	4	0	0	0	ENSG00000217801	AL390719.1
223	230	234	55	48	44	ENSG00000157873	TNFRSF14
374	315	241	74	62	76	ENSG00000169231	THBS3
407	278	374	99	93	71	ENSG00000124343	XG
13	4	6	0	1	0	ENSG00000124731	TREM1
28	31	23	4	1	8	ENSG00000187642	PERM1
47	11	1	4	0	3	ENSG00000214814	FER1L6
12	1	12	1	0	0	ENSG00000180739	S1PR5
103	151	135	590	650	671	ENSG00000159259	CHAF1B
130	236	209	932	966	1566	ENSG00000131153	GINS2
355	220	229	51	46	32	ENSG00000184156	KCNQ3
85	63	55	361	437	363	ENSG00000051341	POLQ
5722	6141	6154	1044	1283	1303	ENSG00000100196	KDELR3
17	17	45	1	7	12	ENSG00000137699	TRIM29
247	347	275	1462	1610	1071	ENSG00000122966	CIT
126	65	99	13	32	25	ENSG00000152763	WDR78
162	221	251	809	927	1084	ENSG00000112312	GMNN
142	20	20	17	4	5	ENSG00000167077	MEI1
28	12	42	2	0	5	ENSG00000228288	PCAT6
587	1103	1014	154	284	210	ENSG00000162458	FBLIM1
9	13	11	79	101	101	ENSG00000171791	BCL2
210	273	133	16	15	12	ENSG00000123500	COL10A1
9694	6852	7697	1364	1797	853	ENSG00000185567	AHNAK2
0	1	0	7	12	5	ENSG00000183850	ZNF730
4	3	3	21	12	16	ENSG00000085831	TTC39A
57	148	136	463	553	692	ENSG00000203760	CENPW
632	280	347	76	21	16	ENSG00000152402	GUCY1A2
81	123	103	928	1120	607	ENSG00000138778	CENPE
117	46	75	10	4	20	ENSG00000137393	RNF144B
141	230	212	894	1057	1125	ENSG00000221829	FANCG
2	3	0	7	18	10	ENSG00000263786	AC022211.1
4	2	6	15	18	18	ENSG00000189149	CRYM-AS1
6	2	6	35	18	37	ENSG00000170962	PDGFD
211	158	90	50	10	37	ENSG00000154310	TNIK
123	160	256	16	38	13	ENSG00000108950	FAM20A
69	15	48	4	4	5	ENSG00000134548	SPX
23	17	14	0	0	3	ENSG00000198520	C1orf228
23	12	11	0	0	0	ENSG00000211895	IGHA1
1090	711	1108	37	50	26	ENSG00000128510	CPA4
1	0	0	16	1	4	ENSG00000170011	MYRIP
1	1	0	15	15	19	ENSG00000100473	COCH
351	723	812	5413	6323	6227	ENSG00000089685	BIRC5
42	9	36	9	9	1	ENSG00000174586	ZNF497
9	15	17	0	0	5	ENSG00000205300	AL356414.1
19	32	27	139	160	159	ENSG00000188610	FAM72B
114	208	261	10	37	33	ENSG00000126950	TMEM35A
499	712	795	3504	4281	3926	ENSG00000161800	RACGAP1
69	53	64	19	18	9	ENSG00000169247	SH3TC2
14	12	8	0	1	0	ENSG00000242808	SOX2-OT
239	314	254	1534	1801	1764	ENSG00000162063	CCNF
490	799	618	3063	3237	3668	ENSG00000119333	WDR34
9	10	8	82	47	39	ENSG00000117676	RPS6KA1
852	876	627	264	90	140	ENSG00000182752	PAPPA
37	54	58	225	281	271	ENSG00000154920	EME1
15	31	21	2	6	1	ENSG00000176293	ZNF135
1398	468	803	3964	3800	5922	ENSG00000130203	APOE
19	37	6	0	0	0	ENSG00000082293	COL19A1
98	59	110	25	19	16	ENSG00000272695	GAS6-AS2
117	79	159	18	11	11	ENSG00000183044	ABAT
57	69	46	5	5	8	ENSG00000075651	PLD1
1980	1465	1734	203	295	111	ENSG00000074527	NTN4
229	193	193	40	24	61	ENSG00000196517	SLC6A9
20	19	21	2	2	5	ENSG00000129910	CDH15
1305	606	1267	13	37	22	ENSG00000138061	CYP1B1
14	22	30	4	5	1	ENSG00000103522	IL21R
12	3	11	0	0	0	ENSG00000189238	LINC00943
88	124	141	19	20	23	ENSG00000116663	FBXO6
254	195	235	5	0	12	ENSG00000152463	OLAH
4	2	3	23	54	31	ENSG00000196616	ADH1B
62	94	85	702	1052	844	ENSG00000143228	NUF2
51	35	60	208	220	202	ENSG00000138346	DNA2
15	10	6	1	2	1	ENSG00000258701	LINC00638
94	169	202	1529	1758	1506	ENSG00000186185	KIF18B
8	0	13	46	52	27	ENSG00000276672	AL161891.1
433	652	673	3020	3484	3504	ENSG00000087586	AURKA
11	9	19	62	72	38	ENSG00000149380	P4HA3
79	80	70	10	19	18	ENSG00000184381	PLA2G6
31	22	29	4	16	1	ENSG00000262576	PCDHGA4
8	16	23	2	0	2	ENSG00000125510	OPRL1
21	27	20	2	5	4	ENSG00000064547	LPAR2
24	38	53	197	269	236	ENSG00000129810	SGO1
2	6	9	13	53	15	ENSG00000064655	EYA2
7	3	2	26	16	17	ENSG00000215417	MIR17HG
29	7	25	0	2	1	ENSG00000232973	CYP1B1-AS1
1221	1498	1172	290	259	275	ENSG00000084731	KIF3C
189	400	440	3700	4162	3865	ENSG00000113368	LMNB1
37	20	2	4	0	1	ENSG00000196126	HLA-DRB1
309	311	345	99	73	46	ENSG00000123095	BHLHE41
10	1	10	0	1	0	ENSG00000231574	LINC02015
154	287	319	2361	2682	2884	ENSG00000164104	HMGB2
2	6	3	34	6	37	ENSG00000107562	CXCL12
37	22	23	9	5	2	ENSG00000173762	CD7
3	2	0	10	13	13	ENSG00000280020	AC116407.3
9	30	24	87	159	122	ENSG00000144152	FBLN7
365	579	547	1989	2593	2738	ENSG00000079616	KIF22
34	72	86	481	548	496	ENSG00000035499	DEPDC1B
272	471	440	1881	2409	2626	ENSG00000146670	CDCA5
48	53	71	356	436	312	ENSG00000121621	KIF18A
8	19	26	0	0	0	ENSG00000181634	TNFSF15
64	46	85	12	13	7	ENSG00000178764	ZHX2
644	3255	11295	11	859	74	ENSG00000146197	SCUBE3
28	30	34	148	146	153	ENSG00000180233	ZNRF2
85	66	61	13	25	12	ENSG00000204580	DDR1
8	7	17	0	0	3	ENSG00000237476	LINC01637
1	16	2	0	0	0	ENSG00000205744	DENND1C
27	43	54	256	336	334	ENSG00000104147	OIP5
99	139	190	628	923	776	ENSG00000166483	WEE1
147	240	195	2191	2741	2781	ENSG00000170312	CDK1
17	13	12	0	0	0	ENSG00000186832	KRT16
264	279	375	46	24	37	ENSG00000162772	ATF3
13	10	24	1	2	0	ENSG00000262888	AC005736.2
372	637	710	2694	2994	2700	ENSG00000171241	SHCBP1
2	0	1	9	23	11	ENSG00000278962	AC092645.1
4	7	3	26	25	18	ENSG00000187764	SEMA4D
0	0	0	8	8	8	ENSG00000173406	DAB1
25	36	33	6	4	3	ENSG00000056998	GYG2
39	38	63	179	283	138	ENSG00000031691	CENPQ
10	10	16	58	41	65	ENSG00000213707	HMGB1P10
16	23	25	128	161	128	ENSG00000187951	ARHGAP11B
8	9	22	0	0	0	ENSG00000131738	KRT33B
6	13	5	38	38	53	ENSG00000177943	MAMDC4
348	400	461	2000	2087	1972	ENSG00000228716	DHFR
0	2	1	11	12	14	ENSG00000101306	MYLK2
516	979	1157	4065	4807	4956	ENSG00000117632	STMN1
71	73	99	4	1	11	ENSG00000171658	NMRAL2P
869	1312	1289	7075	8000	7056	ENSG00000088325	TPX2
4	9	4	140	132	56	ENSG00000054654	SYNE2
101	170	169	1028	1118	745	ENSG00000092853	CLSPN
12	11	20	6	0	0	ENSG00000119915	ELOVL3
36	60	20	9	7	7	ENSG00000250697	AC010343.3
60	157	137	974	1348	1385	ENSG00000129195	PIMREG
9	8	11	0	0	0	ENSG00000131398	KCNC3
366	373	458	67	55	49	ENSG00000078804	TP53INP2
955	563	669	3554	3974	3560	ENSG00000159403	C1R
19	13	18	0	3	6	ENSG00000133134	BEX2
25	33	16	6	3	9	ENSG00000206140	TMEM191C
21	16	29	636	749	596	ENSG00000186193	SAPCD2
33	24	41	6	5	1	ENSG00000156968	MPV17L
4	9	8	35	44	40	ENSG00000198901	PRC1
135	205	129	19	43	24	ENSG00000142920	AZIN2
7	3	6	43	38	37	ENSG00000065717	TLE2
4389	2315	1942	945	590	478	ENSG00000214548	MEG3
69	88	115	381	448	403	ENSG00000177602	HASPIN
19	11	20	2	4	1	ENSG00000176771	NCKAP5
24	14	47	5	8	3	ENSG00000185519	FAM131C
190	222	206	992	1103	1063	ENSG00000127586	CHTF18
23	16	14	1	1	1	ENSG00000167554	ZNF610
45	26	16	5	6	1	ENSG00000081853	PCDHGA2
12	4	12	0	0	0	ENSG00000127533	F2RL3
170	107	84	18	9	8	ENSG00000148798	INA
7	0	1	34	12	25	ENSG00000228536	AL513283.1
39	47	35	170	197	152	ENSG00000176208	ATAD5
213	403	507	2384	2509	2999	ENSG00000171848	RRM2
234	337	372	2045	2582	2250	ENSG00000136108	CKAP2
3841	2845	3409	279	453	510	ENSG00000147889	CDKN2A
23	28	21	5	5	7	ENSG00000254545	AL354919.2
0	0	0	3	7	5	ENSG00000149294	NCAM1
7	7	31	1	0	3	ENSG00000138135	CH25H
651	1048	996	3497	4151	3798	ENSG00000276043	UHRF1
121	215	238	794	940	1269	ENSG00000161888	SPC24
822	172	2367	99	265	17	ENSG00000198848	CES1
108	161	146	510	573	744	ENSG00000185347	TEDC1
163	165	144	854	1045	784	ENSG00000101868	POLA1
2	11	10	0	0	1	ENSG00000175003	SLC22A1
49	107	95	492	713	525	ENSG00000139354	GAS2L3
33	24	39	7	11	5	ENSG00000140459	CYP11A1
10	8	6	39	30	56	ENSG00000186280	KDM4D
112	85	93	4	1	5	ENSG00000260454	AL355607.2
52	61	57	356	385	320	ENSG00000138376	BARD1
76	112	93	317	411	469	ENSG00000184162	NR2C2AP
404	658	669	2548	2697	2559	ENSG00000137310	TCF19
4	10	6	0	0	1	ENSG00000267316	AC090409.2
7	6	21	75	47	27	ENSG00000077420	APBB1IP
59	94	93	13	13	20	ENSG00000168679	SLC16A4
150	129	143	13	10	32	ENSG00000014257	ACPP
5	5	14	56	52	51	ENSG00000226887	ERVMER34-1
350	364	511	1492	1789	2124	ENSG00000173207	CKS1B
399	158	211	61	48	24	ENSG00000108622	ICAM2
73	134	125	743	798	738	ENSG00000106462	EZH2
9	6	29	0	1	0	ENSG00000111913	RIPOR2
3	3	1	28	8	15	ENSG00000165269	AQP7
223	271	318	1702	2340	1859	ENSG00000137807	KIF23
34	30	21	179	170	130	ENSG00000144278	GALNT13
614	1509	1498	154	192	189	ENSG00000058085	LAMC2
43	30	9	161	38	147	ENSG00000103942	HOMER2
65	42	21	15	5	1	ENSG00000274750	HIST1H3E
121	170	173	33	21	18	ENSG00000274180	NATD1
24	24	7	2	2	6	ENSG00000187105	HEATR4
3	6	6	0	0	0	ENSG00000134830	C5AR2
64	34	67	20	13	4	ENSG00000105649	RAB3A
169	172	223	40	52	52	ENSG00000168779	SHOX2
6	13	17	0	0	4	ENSG00000112530	PACRG
341	339	235	41	43	40	ENSG00000159217	IGF2BP1
18	8	22	2	4	0	ENSG00000169583	CLIC3
489	470	487	44	28	51	ENSG00000178531	CTXN1
39	157	89	0	5	11	ENSG00000221852	KRTAP1-5
84	127	142	753	969	890	ENSG00000075702	WDR62
252	348	373	2320	2537	2009	ENSG00000138180	CEP55
296	330	325	28	24	16	ENSG00000240476	LINC00973
29	39	39	1	1	0	ENSG00000127585	FBXL16
561	284	471	96	95	94	ENSG00000165029	ABCA1
47	49	81	268	271	232	ENSG00000188312	CENPP
91	195	172	701	1022	1012	ENSG00000134222	PSRC1
240	708	663	5703	6669	6361	ENSG00000166851	PLK1
72	107	95	588	669	533	ENSG00000165244	ZNF367
782	1516	1437	6968	8116	9106	ENSG00000166508	MCM7
28	22	14	2	7	6	ENSG00000277075	HIST1H2AE
98	1	7	2	0	0	ENSG00000164418	GRIK2
77	164	165	1113	1377	1633	ENSG00000178999	AURKB
80	167	185	864	862	966	ENSG00000105011	ASF1B
258	246	270	66	70	61	ENSG00000184524	CEND1
225	136	237	56	44	46	ENSG00000196639	HRH1
649	714	708	3092	3439	2895	ENSG00000124795	DEK
68	63	54	7	10	9	ENSG00000233822	HIST1H2BN
21	16	17	2	5	6	ENSG00000157343	ARMC12
95	204	231	1301	1623	1534	ENSG00000165480	SKA3
103	124	99	448	544	510	ENSG00000161692	DBF4B
141	172	180	968	1290	845	ENSG00000163535	SGO2
20	9	11	3	0	2	ENSG00000178038	ALS2CL
14	25	25	0	1	2	ENSG00000197506	SLC28A3
111	16	36	4	1	0	ENSG00000183421	RIPK4
8	15	7	94	55	83	ENSG00000198885	ITPRIPL1
87	66	47	345	283	588	ENSG00000130208	APOC1
196	165	237	27	15	26	ENSG00000158373	HIST1H2BD
6	11	7	47	30	40	ENSG00000269970	AL162424.1
839	766	353	155	67	127	ENSG00000163531	NFASC
13	2	7	0	1	0	ENSG00000049249	TNFRSF9
0	2	2	7	18	11	ENSG00000163072	NOSTRIN
40	75	115	683	669	729	ENSG00000166803	PCLAF
5	7	4	0	0	0	ENSG00000240386	LCE1F
119	135	126	8	34	46	ENSG00000132000	PODNL1
2	0	2	8	21	14	ENSG00000152583	SPARCL1
1	0	0	10	7	7	ENSG00000166670	MMP10
60	55	42	245	310	178	ENSG00000119397	CNTRL
726	750	914	133	133	219	ENSG00000137331	IER3
15	6	1	0	0	0	ENSG00000214866	DCDC2C
155	148	135	5	28	12	ENSG00000048052	HDAC9
672	739	509	55	20	65	ENSG00000099337	KCNK6
42	65	82	6	16	18	ENSG00000130751	NPAS1
31	15	18	9	0	5	ENSG00000132938	MTUS2
361	327	328	69	61	76	ENSG00000276180	HIST1H4I
3	5	8	21	36	32	ENSG00000267374	AC016205.1
347	443	431	1	11	7	ENSG00000212724	KRTAP2-3
0	0	0	5	10	7	ENSG00000271888	AL136162.1
608	902	840	6643	8408	6241	ENSG00000011426	ANLN
12	3	49	1	1	8	ENSG00000228695	CES1P1
12	14	25	1	4	3	ENSG00000099849	RASSF7
34	50	62	14	9	8	ENSG00000273802	HIST1H2BG
0	0	0	6	11	1	ENSG00000250305	TRMT9B
37	72	69	281	275	286	ENSG00000151725	CENPU
677	1526	909	7	27	104	ENSG00000131737	KRT34
85	85	117	4	8	7	ENSG00000261040	WFDC21P
43	19	15	8	6	0	ENSG00000279192	PWAR5
44	45	56	6	5	7	ENSG00000159713	TPPP3
44	29	32	148	208	178	ENSG00000172167	MTBP
79	101	73	689	808	725	ENSG00000142731	PLK4
1	5	58	2	2	1	ENSG00000179603	GRM8
64	77	57	6	19	20	ENSG00000163638	ADAMTS9
46	23	30	6	6	13	ENSG00000167972	ABCA3
139	184	232	27	33	19	ENSG00000128165	ADM2
17	27	35	4	5	11	ENSG00000240990	HOXA11-AS
19	16	17	0	3	0	ENSG00000166510	CCDC68
1438	1779	1859	6687	7758	7941	ENSG00000198830	HMGN2
39	30	24	141	138	140	ENSG00000102098	SCML2
13	11	17	54	74	78	ENSG00000175183	CSRP2
29	17	41	0	1	3	ENSG00000136244	IL6
1	0	2	17	39	4	ENSG00000162706	CADM3
38	19	31	2	6	1	ENSG00000232774	AL355916.1
11	17	12	2	3	2	ENSG00000279412	AC020763.3
14	2	7	0	1	0	ENSG00000259030	FPGT-TNNI3K
5	5	6	13	40	14	ENSG00000280123	AC023632.6
52	17	24	9	2	3	ENSG00000198133	TMEM229B
26	36	49	191	175	307	ENSG00000121211	MND1
17	22	34	2	2	4	ENSG00000237686	AL109615.3
40	55	55	292	343	321	ENSG00000085999	RAD54L
15	20	25	2	4	3	ENSG00000170954	ZNF415
478	622	579	74	96	59	ENSG00000105270	CLIP3
51	68	87	443	455	488	ENSG00000111247	RAD51AP1
6	6	6	0	0	1	ENSG00000230257	NFE4
1113	913	1311	53	32	40	ENSG00000180573	HIST1H2AC
44	93	80	409	529	472	ENSG00000186871	ERCC6L
1	0	5	14	24	24	ENSG00000234264	DEPDC1-AS1
157	91	112	11	11	23	ENSG00000236453	AC003092.1
123	110	98	8	4	5	ENSG00000138378	STAT4
100	264	114	4	22	26	ENSG00000164220	F2RL2
158	240	252	926	1171	1130	ENSG00000133119	RFC3
11	13	43	4	7	1	ENSG00000163431	LMOD1
11	24	13	2	0	2	ENSG00000157368	IL34
12	14	10	56	60	53	ENSG00000160051	IQCC
20	28	49	5	6	10	ENSG00000177875	CCDC184
2615	5790	6502	5	32	28	ENSG00000166923	GREM1
83	174	158	1142	1565	1226	ENSG00000072571	HMMR
419	215	430	4	5	5	ENSG00000090339	ICAM1
444	443	284	62	19	24	ENSG00000139364	TMEM132B
36	59	67	195	263	261	ENSG00000146410	MTFR2
271	209	321	54	69	43	ENSG00000138764	CCNG2
117	117	172	499	651	613	ENSG00000119969	HELLS
137	138	113	578	749	506	ENSG00000129534	MIS18BP1
268	464	437	2200	2612	2906	ENSG00000164611	PTTG1
151	341	318	2434	2816	2517	ENSG00000075218	GTSE1
1	4	0	14	161	176	ENSG00000133110	POSTN
4	1	1	38	45	38	ENSG00000169418	NPR1
27	22	27	6	1	1	ENSG00000143847	PPFIA4
60	12	33	7	2	2	ENSG00000116745	RPE65
15	21	21	1	2	3	ENSG00000185345	PRKN
919	668	903	91	114	92	ENSG00000157064	NMNAT2
23	15	5	2	1	3	ENSG00000272502	AC104958.2
12	0	2	66	41	20	ENSG00000165887	ANKRD2
56	44	35	358	111	257	ENSG00000188064	WNT7B
37	37	14	167	138	148	ENSG00000206190	ATP10A
22	34	27	111	68	224	ENSG00000124875	CXCL6
998	11476	2040	8	31	137	ENSG00000171345	KRT19
455	583	666	114	85	106	ENSG00000114268	PFKFB4
181	331	365	2989	3092	3295	ENSG00000101057	MYBL2
209	184	219	1103	1363	1322	ENSG00000163507	CIP2A
5	14	3	36	28	30	ENSG00000114739	ACVR2B
27	45	10	0	2	6	ENSG00000118785	SPP1
32	24	47	126	178	157	ENSG00000137135	ARHGEF39
66	58	99	13	16	10	ENSG00000275880	AL139385.1
260	54	66	21	22	20	ENSG00000236675	MTX1P1
29	52	50	311	354	403	ENSG00000109674	NEIL3
348	556	393	46	35	55	ENSG00000115828	QPCT
114	41	189	11	21	15	ENSG00000158825	CDA
202	223	204	961	1129	751	ENSG00000184445	KNTC1
86	141	180	626	681	753	ENSG00000153044	CENPH
54	101	109	682	1076	766	ENSG00000169607	CKAP2L
15	32	40	1	8	5	ENSG00000171873	ADRA1D
6	11	16	0	2	2	ENSG00000167642	SPINT2
60	105	90	296	404	414	ENSG00000183763	TRAIP
30	51	26	8	7	7	ENSG00000103316	CRYM
23	16	33	6	5	5	ENSG00000173801	JUP
11	11	19	5	1	2	ENSG00000127561	SYNGR3
22	57	24	2	0	5	ENSG00000167612	ANKRD33
107	109	72	20	28	21	ENSG00000160469	BRSK1
5	11	16	2	1	2	ENSG00000281741	AC241377.3
45	12	27	11	3	2	ENSG00000104043	ATP8B4
21	43	30	110	151	135	ENSG00000181544	FANCB
4	0	2	17	27	5	ENSG00000281344	HELLPAR
8	5	35	1	2	2	ENSG00000154545	MAGED4
131	68	52	6	1	8	ENSG00000182585	EPGN
236	318	327	16	37	46	ENSG00000136542	GALNT5
57	73	77	334	417	314	ENSG00000140534	TICRR
6553	3708	4617	1184	787	1151	ENSG00000121769	FABP3
5	3	1	28	22	11	ENSG00000232630	PRPS1P2
6	10	5	0	0	1	ENSG00000124466	LYPD3
27	30	28	0	8	7	ENSG00000118473	SGIP1
5	2	7	0	0	0	ENSG00000244558	KCNK15-AS1
15	13	11	0	0	1	ENSG00000112053	SLC26A8
0	32	1	0	0	1	ENSG00000270276	HIST2H4B
114	111	225	17	36	12	ENSG00000119922	IFIT2
4	7	3	17	24	27	ENSG00000241472	PTPRG-AS1
22	23	12	0	0	0	ENSG00000268812	AC004264.1
2	0	2	18	11	17	ENSG00000226650	KIF4B
135	177	132	624	733	593	ENSG00000012048	BRCA1
10	2	9	49	64	46	ENSG00000147257	GPC3
5	2	8	0	0	0	ENSG00000016490	CLCA1
11	35	29	3	4	3	ENSG00000069535	MAOB
501	780	705	2955	2934	3105	ENSG00000073111	MCM2
47	125	76	399	204	518	ENSG00000181195	PENK
15	20	13	4	1	5	ENSG00000154358	OBSCN
1391	1441	942	19	34	33	ENSG00000128342	LIF
151	349	380	2514	3399	3994	ENSG00000175063	UBE2C
34	52	39	13	8	7	ENSG00000261652	C15orf65
6	7	16	98	126	126	ENSG00000257167	TMPO-AS1
18	8	11	4	0	0	ENSG00000067606	PRKCZ
31	27	19	193	90	81	ENSG00000275895	U2AF1L5
85	147	150	645	548	628	ENSG00000174371	EXO1
149	31	57	5	10	10	ENSG00000167641	PPP1R14A
19	14	24	1	1	2	ENSG00000129214	SHBG
0	1	4	16	15	17	ENSG00000274825	AL023803.2
45	80	75	261	431	354	ENSG00000213186	TRIM59
82	78	86	560	568	457	ENSG00000123219	CENPK
7	15	12	0	1	0	ENSG00000279080	AL022322.2
705	570	865	26	42	14	ENSG00000125089	SH3TC1
17	12	6	2	1	0	ENSG00000253326	AL606534.5
28	19	16	204	78	261	ENSG00000163737	PF4
70	121	123	7	2	0	ENSG00000247095	MIR210HG
31	24	15	100	107	81	ENSG00000231607	DLEU2
3	5	11	0	0	1	ENSG00000228787	NLGN4Y-AS1
64	116	129	21	23	32	ENSG00000260001	TGFBR3L
371	643	559	2133	2385	2090	ENSG00000068489	PRR11
62	81	125	5	2	1	ENSG00000135549	PKIB
203	309	308	1459	1874	1539	ENSG00000140525	FANCI
16	40	73	3	2	4	ENSG00000133169	BEX1
102	175	162	860	1007	912	ENSG00000065328	MCM10
2	3	6	13	16	22	ENSG00000278922	AC002310.6
388	262	288	65	83	81	ENSG00000108639	SYNGR2
133	104	105	10	2	21	ENSG00000139269	INHBE
26	14	81	163	207	171	ENSG00000205364	MT1M
0	0	1	43	29	18	ENSG00000123243	ITIH5
38	87	70	716	877	868	ENSG00000115163	CENPA
5	4	5	0	0	0	ENSG00000135094	SDS
23	15	30	0	4	1	ENSG00000177675	CD163L1
117	101	132	11	19	4	ENSG00000167103	PIP5KL1
324	412	404	2577	3287	2312	ENSG00000113810	SMC4
14	18	16	4	0	3	ENSG00000281357	ARRDC3-AS1
30	72	56	0	0	2	ENSG00000235385	LINC02154
19	13	12	6	3	1	ENSG00000160678	S100A1
19	25	16	1	2	1	ENSG00000076864	RAP1GAP
75	60	96	567	634	788	ENSG00000129009	ISLR
12	8	8	1	0	0	ENSG00000188869	TMC3
101	54	36	22	8	11	ENSG00000159733	ZFYVE28
6	6	4	51	61	54	ENSG00000156509	FBXO43
45	50	27	10	2	7	ENSG00000251003	ZFPM2-AS1
0	4	1	8	14	26	ENSG00000280079	AC011447.7
0	3	1	8	29	16	ENSG00000126822	PLEKHG3
1	1	1	11	9	10	ENSG00000260805	AC092803.2
178	423	333	2760	2959	3376	ENSG00000176890	TYMS
2	0	0	8	10	7	ENSG00000257596	AC078778.1
12	8	6	43	41	40	ENSG00000277459	AP001527.2
90	68	83	344	478	324	ENSG00000196584	XRCC2
5	5	22	45	44	53	ENSG00000128045	RASL11B
35	65	76	18	11	12	ENSG00000109339	MAPK10
18	100	52	6	4	13	ENSG00000183760	ACP7
58	39	24	4	4	2	ENSG00000146352	CLVS2
5	5	20	0	0	0	ENSG00000184916	JAG2
3	4	2	25	16	30	ENSG00000126860	EVI2A
22	41	34	4	5	8	ENSG00000253537	PCDHGA7
13	3	17	0	0	2	ENSG00000263718	AC068594.1
100	244	129	8	6	8	ENSG00000171246	NPTX1
8	9	10	2	0	0	ENSG00000197249	SERPINA1
170	88	70	19	25	23	ENSG00000189410	SH2D5
4	3	7	0	0	0	ENSG00000163053	SLC16A14
7	14	1	0	0	0	ENSG00000196407	THEM5
282	211	306	81	60	48	ENSG00000117461	PIK3R3
6	9	7	46	65	54	ENSG00000145569	FAM105A
0	2	0	9	12	23	ENSG00000183150	GPR19
2	1	0	12	10	7	ENSG00000141314	RHBDL3
28	25	19	6	5	4	ENSG00000262185	AC005736.1
110	140	89	22	24	32	ENSG00000183828	NUDT14
2262	2133	2707	133	139	237	ENSG00000124882	EREG
125	134	63	37	5	37	ENSG00000163568	AIM2
11	8	11	0	0	0	ENSG00000167037	SGSM1
15	9	6	0	0	1	ENSG00000147573	TRIM55
34	38	30	16	6	1	ENSG00000182463	TSHZ2
21	30	50	115	245	291	ENSG00000158246	FAM46B
504	877	840	5798	5578	4823	ENSG00000010292	NCAPD2
520	781	649	6325	8436	6163	ENSG00000131747	TOP2A
3	2	6	11	15	28	ENSG00000135119	RNFT2
16	21	12	4	2	3	ENSG00000179044	EXOC3L1
4	14	7	51	61	82	ENSG00000215784	FAM72D
29	19	36	4	4	5	ENSG00000125675	GRIA3
0	0	1	9	10	8	ENSG00000279452	AC006277.1
15	9	7	39	117	194	ENSG00000111341	MGP
58	121	108	5	7	15	ENSG00000096696	DSP
185	107	199	40	33	17	ENSG00000164176	EDIL3
4	4	8	41	39	17	ENSG00000237424	FOXD2-AS1
60	69	103	13	7	7	ENSG00000269899	AC025857.2
77	95	71	11	12	15	ENSG00000105290	APLP1
70	194	141	1566	1855	1881	ENSG00000111665	CDCA3
3	8	4	0	0	0	ENSG00000146250	PRSS35
