AD_T10_T12_1	AD_T10_T12_2	AD_T10_T12_3	AD_T10_T12_4	AD_T10_T12_5	AD_T10_T12_6	AD_T3_T5_1	AD_T3_T5_2	AD_T3_T5_3	AD_T3_T5_4	AD_T3_T5_5	AD_T3_T5_6	gene_id	gene
36	59	62	41	53	37	0	2	0	0	0	0	ENSG00000213417	KRTAP2-4
5	3	0	0	2	0	35	33	18	42	69	27	ENSG00000010319	SEMA3G
29	22	34	185	41	64	0	0	3	4	24	5	ENSG00000041353	RAB27B
42	72	87	32	36	35	589	902	648	452	1098	588	ENSG00000204291	COL15A1
11	2	5	9	11	9	17	19	27	39	40	60	ENSG00000152078	TMEM56
32	29	15	39	22	5	6	3	3	4	0	4	ENSG00000232679	LINC01705
27	13	36	12	6	7	0	4	1	2	13	2	ENSG00000238078	LINC01352
1	7	4	1	5	4	0	0	0	1	2	0	ENSG00000267069	AP005264.1
23409	9024	13578	35399	26201	12822	1409	346	1207	9216	3474	4867	ENSG00000196611	MMP1
112	150	139	149	218	189	13	37	36	20	78	44	ENSG00000187546	AGMO
3	5	3	2	5	6	1	0	2	0	0	0	ENSG00000219653	GCNT1P4
39	34	29	80	66	78	15	4	1	29	16	14	ENSG00000182272	B4GALNT4
0	14	3	3	1	5	0	0	0	0	0	0	ENSG00000108759	KRT32
599	592	953	674	938	874	68	119	140	75	172	68	ENSG00000108691	CCL2
125	198	128	489	147	356	1953	2460	1284	862	852	592	ENSG00000066279	ASPM
0	3	5	1	3	1	3	5	6	9	15	18	ENSG00000106560	GIMAP2
12	9	5	15	4	3	1	0	0	2	1	0	ENSG00000253557	AC100849.1
24	31	21	22	22	19	92	72	88	133	118	134	ENSG00000205221	VIT
14	6	4	9	16	8	33	25	24	124	106	56	ENSG00000162944	RFTN2
14	9	8	6	1	3	69	87	41	10	10	2	ENSG00000106809	OGN
6	11	10	21	16	5	2	8	8	85	83	117	ENSG00000175567	UCP2
0	1	0	0	0	0	10	7	1	1	2	0	ENSG00000147255	IGSF1
9	69	36	2	13	14	341	260	408	358	271	655	ENSG00000112655	PTK7
1	3	0	0	0	0	5	2	3	14	5	6	ENSG00000262877	AC110285.2
1	2	0	1	1	0	3	7	3	6	3	4	ENSG00000276308	AC078880.4
14	3	11	5	5	4	6	0	0	0	0	0	ENSG00000251416	AC103879.1
2	4	7	1	0	1	0	0	0	0	0	0	ENSG00000233030	AC243772.2
16	18	18	22	13	9	6	3	2	1	2	0	ENSG00000251248	AC139720.2
4	7	5	7	10	5	0	0	0	1	2	0	ENSG00000272196	HIST2H2AA4
49	106	104	163	178	184	772	989	933	373	354	414	ENSG00000135451	TROAP
0	0	0	0	1	0	15	8	5	1	1	0	ENSG00000171004	HS6ST2
16	5	7	15	5	1	0	1	2	5	0	3	ENSG00000152154	TMEM178A
34	80	91	123	144	150	753	1024	790	304	271	201	ENSG00000117650	NEK2
8	6	4	6	3	0	1	1	2	0	1	0	ENSG00000213468	FIRRE
2	6	1	1	2	3	0	0	0	0	0	0	ENSG00000249942	AC239584.1
31	21	31	23	45	26	3	6	0	7	12	3	ENSG00000244459	AC147067.1
64	61	33	6	1	3	4	0	3	6	4	0	ENSG00000167861	HID1
45	67	25	22	26	32	18	9	26	1	0	0	ENSG00000250038	AC109588.1
0	9	6	13	6	5	46	51	56	17	23	22	ENSG00000231007	CDC20P1
157	280	242	339	384	365	1737	2008	1962	1017	822	874	ENSG00000157456	CCNB2
369	99	115	772	286	191	5	1	2	47	5	15	ENSG00000115919	KYNU
325	123	129	189	108	71	1345	789	984	1237	664	680	ENSG00000182636	NDN
7	15	9	10	37	12	54	14	76	105	83	132	ENSG00000119630	PGF
1174	809	1086	1033	471	1178	194	467	234	136	179	151	ENSG00000169862	CTNND2
52	173	131	192	248	210	1239	1518	1543	887	641	902	ENSG00000123080	CDKN2C
113	19	56	62	21	33	558	284	215	160	79	70	ENSG00000006016	CRLF1
11	11	6	20	8	14	30	24	33	102	77	58	ENSG00000081181	ARG2
1320	892	1095	1222	1387	1153	84	150	124	283	380	236	ENSG00000128606	LRRC17
3	6	6	14	3	3	0	0	0	0	2	3	ENSG00000167476	JSRP1
7	4	14	2	2	3	0	0	1	0	0	0	ENSG00000261017	AC096996.1
0	0	0	0	4	0	6	6	7	5	6	2	ENSG00000279019	AC009090.4
46	8	14	39	7	1	2	0	0	7	0	2	ENSG00000203837	PNLIPRP3
249	255	297	425	338	419	15	15	25	36	43	59	ENSG00000002745	WNT16
2	3	1	0	0	0	6	22	4	28	15	26	ENSG00000182168	UNC5C
136	294	300	469	376	462	2159	2334	2028	743	685	778	ENSG00000090889	KIF4A
167	211	187	589	210	355	2046	2824	1343	909	1107	629	ENSG00000117724	CENPF
7	3	12	10	2	5	1	0	1	5	0	0	ENSG00000130540	SULT4A1
0	0	0	1	1	0	2	4	2	2	4	4	ENSG00000099834	CDHR5
183	265	141	176	97	118	20	5	26	67	39	56	ENSG00000173641	HSPB7
307	194	200	290	198	231	9	6	5	33	39	41	ENSG00000100739	BDKRB1
0	1	0	0	0	0	0	0	0	8	16	8	ENSG00000104081	BMF
7	7	12	12	3	0	32	39	34	38	40	57	ENSG00000158813	EDA
76	85	83	100	113	113	13	5	25	25	19	41	ENSG00000174939	ASPHD1
91	204	240	345	291	358	1551	2221	1920	728	637	683	ENSG00000101447	FAM83D
4	10	9	0	15	1	0	0	0	0	0	2	ENSG00000260420	LINC02182
23	13	6	8	9	15	9	2	1	0	1	2	ENSG00000198203	SULT1C2
24	24	20	15	16	13	63	55	42	184	151	148	ENSG00000064309	CDON
803	354	721	990	296	1161	290	290	154	42	69	27	ENSG00000125730	C3
20	5	4	11	0	26	94	74	60	36	6	9	ENSG00000143196	DPT
96	157	164	321	278	252	1239	1559	1281	513	479	316	ENSG00000080986	NDC80
0	0	0	0	2	0	5	9	3	6	3	0	ENSG00000284634	AC092821.3
5	5	6	6	1	3	1	1	0	0	1	1	ENSG00000283828	AL137002.2
41	12	52	22	14	44	188	213	182	151	186	117	ENSG00000183801	OLFML1
95	204	189	433	229	343	1602	1758	1541	565	465	391	ENSG00000024526	DEPDC1
5	4	3	2	0	1	0	0	0	0	0	0	ENSG00000276778	LINC02227
10	15	26	12	10	19	1	2	5	3	8	5	ENSG00000105427	CNFN
0	1	0	5	8	2	3	6	1	39	46	56	ENSG00000137265	IRF4
177	223	227	105	187	178	2	0	2	3	12	5	ENSG00000233308	OSTN-AS1
22	38	67	31	25	43	0	3	6	4	7	13	ENSG00000267669	AC098847.1
16	8	16	6	2	3	0	3	0	4	5	1	ENSG00000257551	HLX-AS1
18	16	16	7	6	12	3	2	3	2	4	3	ENSG00000108688	CCL7
62	81	72	276	59	108	568	834	520	262	284	204	ENSG00000118193	KIF14
11	7	9	20	8	10	1	6	2	2	2	0	ENSG00000171509	RXFP1
131	74	109	170	126	96	13	13	17	43	31	28	ENSG00000163536	SERPINI1
4	6	3	3	2	2	0	0	0	0	0	0	ENSG00000278881	FP325331.1
1	1	0	1	1	1	10	3	10	4	9	1	ENSG00000272953	AC092171.4
1	7	1	3	4	7	26	20	27	86	75	63	ENSG00000213626	LBH
0	0	3	6	2	13	10	2	13	45	33	35	ENSG00000183196	CHST6
22	2	8	10	0	1	0	1	0	0	0	0	ENSG00000253628	AC110011.1
0	3	1	0	0	0	2	5	15	2	1	8	ENSG00000267383	AC011447.3
0	0	2	2	0	1	5	4	0	7	6	9	ENSG00000213145	CRIP1
175	175	219	156	124	148	17	12	11	45	27	16	ENSG00000172399	MYOZ2
30	24	21	34	20	16	33	40	38	270	202	286	ENSG00000092068	SLC7A8
23	9	27	23	10	16	5	2	2	2	10	1	ENSG00000165474	GJB2
11	8	6	3	6	6	3	2	1	3	0	0	ENSG00000279459	AP001271.2
4	0	1	1	0	1	2	4	12	3	4	11	ENSG00000161180	CCDC116
3	20	24	7	16	45	0	2	1	1	1	0	ENSG00000117600	PLPPR4
6	12	59	14	15	44	31	23	15	630	612	412	ENSG00000169174	PCSK9
0	0	0	3	1	0	6	6	7	6	2	3	ENSG00000134962	KLB
14	19	15	36	22	12	1	2	2	4	6	2	ENSG00000115339	GALNT3
27	11	35	30	5	24	2	2	0	0	4	0	ENSG00000133800	LYVE1
7	4	14	5	4	0	0	0	0	0	0	0	ENSG00000140519	RHCG
2	36	11	2	14	11	78	46	124	161	137	360	ENSG00000100842	EFS
0	0	0	1	2	3	2	6	6	9	7	6	ENSG00000267395	DM1-AS
24	13	9	32	1	34	126	116	40	218	180	71	ENSG00000283787	AC051649.2
217	82	121	158	99	79	25	22	49	10	17	8	ENSG00000115009	CCL20
14	1	5	3	1	2	0	0	2	0	1	0	ENSG00000069812	HES2
3	7	4	2	0	1	0	0	0	1	0	0	ENSG00000223620	RBM48P1
4	0	4	2	0	6	3	2	0	42	38	22	ENSG00000198719	DLL1
29	50	39	61	78	63	274	308	310	279	221	281	ENSG00000213347	MXD3
4	6	3	8	4	13	0	2	1	3	1	1	ENSG00000257556	LINC02298
1	10	4	1	0	8	0	1	0	0	1	0	ENSG00000250994	AC005355.1
112	106	71	40	36	33	576	390	364	656	430	421	ENSG00000106976	DNM1
63	31	63	50	27	38	7	3	3	13	21	22	ENSG00000116675	DNAJC6
20	28	23	46	33	31	161	201	155	116	228	225	ENSG00000160447	PKN3
139	6	15	304	17	32	1	0	0	16	9	1	ENSG00000198910	L1CAM
49	25	47	86	41	84	0	13	5	12	15	16	ENSG00000067715	SYT1
11	9	6	14	7	2	0	2	0	1	1	2	ENSG00000152766	ANKRD22
13	3	9	12	8	5	1	1	4	3	0	2	ENSG00000121577	POPDC2
0	0	2	2	1	0	3	1	0	25	58	20	ENSG00000255690	TRIL
50	55	36	24	31	15	8	2	7	6	6	16	ENSG00000170689	HOXB9
405	309	509	577	514	559	15	31	34	31	29	31	ENSG00000008517	IL32
10	14	10	16	5	7	0	0	3	2	0	3	ENSG00000188290	HES4
10	4	11	19	9	11	19	19	10	71	58	97	ENSG00000250041	AC069360.1
94	137	45	123	146	55	6	3	6	10	6	23	ENSG00000227517	LINC01483
0	1	0	1	0	0	5	8	2	5	6	2	ENSG00000275092	AL031710.2
3	0	3	3	1	5	0	0	0	0	0	0	ENSG00000255921	AC026310.2
3	17	10	5	5	1	0	1	0	2	5	1	ENSG00000214376	VSTM5
1	5	5	4	1	5	0	0	0	0	0	1	ENSG00000243953	AC073359.1
0	0	1	0	0	0	2	13	3	1	9	2	ENSG00000215630	GUSBP9
9	5	2	4	11	8	1	1	0	2	3	1	ENSG00000261555	AC025277.1
8	4	2	3	4	4	16	26	33	11	7	15	ENSG00000131471	AOC3
11	12	19	30	14	6	42	25	35	139	115	94	ENSG00000139946	PELI2
18	35	33	27	51	64	3	5	2	9	21	12	ENSG00000251144	AC113346.1
14	7	8	44	6	38	0	0	0	0	0	0	ENSG00000215853	RPTN
40	30	65	35	9	69	0	8	1	1	2	2	ENSG00000182261	NLRP10
0	0	0	1	0	0	9	5	5	4	2	7	ENSG00000168913	ENHO
18	6	18	18	2	15	0	2	0	0	0	0	ENSG00000046889	PREX2
5	12	19	3	5	6	24	5	10	75	164	153	ENSG00000164935	DCSTAMP
92	129	125	128	143	130	39	23	18	21	36	52	ENSG00000099822	HCN2
1	3	1	3	1	6	0	0	0	0	0	0	ENSG00000276012	AL160153.1
7	5	5	13	2	2	3	1	0	0	2	1	ENSG00000169442	CD52
16	16	24	17	16	23	77	103	92	65	75	108	ENSG00000121316	PLBD1
7	39	38	5	24	22	405	694	732	95	335	268	ENSG00000211772	TRBC2
12	0	5	21	3	19	3	0	0	5	0	0	ENSG00000022556	NLRP2
203	124	180	228	108	91	8	12	11	19	18	28	ENSG00000158406	HIST1H4H
11	1	5	13	4	11	0	0	1	2	2	4	ENSG00000185818	NAT8L
24	25	13	26	26	14	2	4	5	3	5	0	ENSG00000005513	SOX8
0	0	1	0	0	0	1	1	2	5	6	3	ENSG00000137675	MMP27
65	21	97	69	8	44	12	31	19	5	1	4	ENSG00000187094	CCK
4	14	9	16	9	10	47	74	41	53	72	50	ENSG00000138336	TET1
1	0	0	1	1	2	2	1	8	13	19	11	ENSG00000153902	LGI4
5	6	3	21	3	6	60	13	19	77	9	43	ENSG00000142494	SLC47A1
5	6	14	7	11	4	0	2	0	4	5	0	ENSG00000139209	SLC38A4
50	54	61	52	31	41	3	6	0	16	19	22	ENSG00000105639	JAK3
11	18	5	14	34	20	0	0	1	4	2	2	ENSG00000226644	AL121899.1
47	25	55	157	81	59	48	88	50	897	1604	1020	ENSG00000183134	PTGDR2
176	394	444	641	521	666	3366	4299	3843	1224	1266	1076	ENSG00000145386	CCNA2
27	69	66	112	150	114	599	742	782	209	159	191	ENSG00000152253	SPC25
10	10	8	17	1	10	1	3	1	1	1	4	ENSG00000235008	AL023775.1
37	55	41	59	64	28	11	3	9	10	22	15	ENSG00000112183	RBM24
0	1	0	2	0	0	14	2	9	72	22	97	ENSG00000171724	VAT1L
4	3	12	7	3	24	65	106	67	102	145	91	ENSG00000099284	H2AFY2
1	3	0	3	3	0	1	5	12	8	22	7	ENSG00000174599	TRAM1L1
0	0	0	0	2	2	5	2	10	4	8	8	ENSG00000111046	MYF6
6	0	3	4	6	0	0	0	0	0	0	0	ENSG00000236366	AL359313.1
1	0	0	1	0	0	4	6	13	1	3	0	ENSG00000196666	FAM180B
101	187	248	436	337	424	2117	2337	1828	878	684	616	ENSG00000137804	NUSAP1
4	31	42	7	6	18	46	120	53	43	150	74	ENSG00000154856	APCDD1
0	4	2	4	3	2	20	25	18	14	6	5	ENSG00000196081	ZNF724
30	35	27	23	28	40	209	189	147	124	96	63	ENSG00000157470	FAM81A
23	25	29	16	2	12	109	74	59	98	139	128	ENSG00000152217	SETBP1
69	4	3	14	7	1	542	19	59	279	13	49	ENSG00000182836	PLCXD3
129	200	205	395	350	314	1778	2130	1668	824	778	610	ENSG00000126787	DLGAP5
31	47	53	104	77	94	2	5	8	0	11	10	ENSG00000116833	NR5A2
1199	902	1188	1344	852	923	187	173	199	300	209	246	ENSG00000197903	HIST1H2BK
102	231	181	432	176	402	1493	2040	1355	1011	1131	1257	ENSG00000183856	IQGAP3
8	9	15	10	4	10	0	2	0	2	4	5	ENSG00000277758	FO681492.1
0	2	4	5	8	1	0	0	0	1	0	0	ENSG00000186891	TNFRSF18
53	6	19	50	22	13	12	2	2	17	2	0	ENSG00000163092	XIRP2
656	1802	6521	906	660	4125	153	577	193	102	933	440	ENSG00000137801	THBS1
88	72	48	256	135	75	17	10	33	46	17	35	ENSG00000115290	GRB14
57	72	68	191	129	137	672	692	796	371	275	339	ENSG00000100162	CENPM
186	49	73	201	46	76	22	28	7	15	6	5	ENSG00000232855	AF165147.1
3	0	2	3	1	0	9	4	4	7	7	7	ENSG00000179921	GPBAR1
608	1156	1170	486	510	484	33	134	134	63	324	244	ENSG00000113739	STC2
1	0	5	1	0	1	15	20	11	15	14	14	ENSG00000135472	FAIM2
9	9	6	3	7	8	0	1	0	1	4	2	ENSG00000141293	SKAP1
13	1	3	5	0	0	0	0	1	0	0	0	ENSG00000235885	LINC01828
56	9	50	89	25	37	10	9	5	10	12	6	ENSG00000112186	CAP2
4	5	1	12	6	3	0	1	0	1	3	1	ENSG00000279311	AC092999.1
6	8	2	1	3	5	9	3	8	84	78	100	ENSG00000165821	SALL2
25	22	22	57	26	27	7	6	12	5	4	10	ENSG00000225968	ELFN1
4	4	11	5	5	14	2	0	0	1	1	0	ENSG00000249806	AC139720.1
0	0	1	0	0	0	4	2	13	0	3	9	ENSG00000196172	ZNF681
4	4	12	9	20	22	0	1	0	7	4	1	ENSG00000258788	CKS1BP1
33	37	30	21	11	19	113	69	94	215	138	189	ENSG00000161267	BDH1
132	324	293	589	374	501	3196	3606	3123	1541	1334	1454	ENSG00000112984	KIF20A
6	6	9	1	11	6	2	0	3	0	0	0	ENSG00000248572	EGFLAM-AS2
1	1	4	3	0	1	21	9	8	16	7	10	ENSG00000178498	DTX3
137	369	376	520	446	560	2705	3001	2632	940	989	1053	ENSG00000076382	SPAG5
0	4	0	0	0	0	1	2	1	24	11	7	ENSG00000082497	SERTAD4
5	0	1	3	3	3	0	0	0	0	0	0	ENSG00000180176	TH
7	6	10	3	4	3	26	12	10	43	26	34	ENSG00000133937	GSC
79	50	98	47	62	38	8	4	1	36	4	29	ENSG00000187479	C11orf96
12	3	8	28	5	12	6	1	0	4	0	1	ENSG00000185274	GALNT17
14	7	2	14	7	3	1	0	4	2	0	0	ENSG00000047936	ROS1
8	19	29	10	10	13	0	0	0	0	0	0	ENSG00000153294	ADGRF4
1	3	3	18	2	7	1	0	0	1	1	1	ENSG00000179593	ALOX15B
28	68	31	20	61	35	4	15	10	6	12	6	ENSG00000233532	LINC00460
71	36	49	122	31	60	16	25	5	14	21	4	ENSG00000163491	NEK10
14	7	5	7	5	12	2	0	1	1	0	0	ENSG00000182389	CACNB4
5	0	2	1	1	3	9	20	9	4	12	5	ENSG00000116703	PDC
128	206	212	552	285	428	1712	2248	1595	725	732	529	ENSG00000138160	KIF11
88	40	96	35	6	43	6	24	9	10	7	1	ENSG00000180535	BHLHA15
4	4	7	1	5	4	0	0	0	0	0	0	ENSG00000204613	TRIM10
9	2	35	10	2	45	0	0	0	0	0	0	ENSG00000157542	KCNJ6
7	3	1	11	2	1	1	0	2	0	0	0	ENSG00000246363	LINC02458
10	11	10	27	6	0	1	0	0	0	0	0	ENSG00000235782	AL031429.1
8	1	3	9	1	2	0	0	0	0	0	0	ENSG00000241318	WDR82P2
125	320	377	431	461	526	2494	2902	3116	827	842	937	ENSG00000142945	KIF2C
27	58	64	46	30	55	0	0	1	2	3	0	ENSG00000259721	AC090877.2
317	436	492	814	430	848	36	212	131	59	254	157	ENSG00000164161	HHIP
2	0	1	1	0	2	12	5	10	8	1	4	ENSG00000198354	DCAF12L2
455	1023	974	1495	1499	1536	7227	8497	8215	2777	2555	2955	ENSG00000117399	CDC20
161	250	286	432	291	421	2002	2255	1782	643	594	583	ENSG00000156970	BUB1B
0	1	0	6	7	7	30	48	23	9	17	24	ENSG00000214357	NEURL1B
0	0	0	1	0	1	4	5	7	1	3	2	ENSG00000114115	RBP1
0	1	0	0	1	0	20	11	5	37	19	24	ENSG00000142149	HUNK
27	28	14	31	33	6	0	0	1	4	1	4	ENSG00000258791	LINC00520
11	3	9	10	4	5	102	111	196	8	5	8	ENSG00000049540	ELN
12	4	7	10	6	10	0	0	0	0	0	0	ENSG00000147697	GSDMC
35	56	36	21	18	17	1	0	5	2	0	12	ENSG00000110203	FOLR3
27	22	18	21	23	21	5	2	2	2	4	3	ENSG00000260807	AC009041.2
1	10	0	3	6	2	0	0	0	0	0	0	ENSG00000237560	LINC01497
5	2	4	9	4	3	0	0	3	0	0	1	ENSG00000211448	DIO2
96	51	31	135	184	102	24	9	47	4	12	8	ENSG00000164736	SOX17
4	7	15	11	8	3	4	1	0	3	1	1	ENSG00000268225	AC010487.1
2	4	0	1	2	0	37	26	65	7	10	2	ENSG00000131477	RAMP2
10	15	10	35	46	37	4	2	3	1	1	5	ENSG00000198028	ZNF560
102	153	135	338	96	210	1349	1705	1006	529	504	314	ENSG00000137812	KNL1
0	2	15	0	2	5	2	22	11	17	57	14	ENSG00000151702	FLI1
6	8	9	8	5	1	3	0	0	1	1	0	ENSG00000108932	SLC16A6
5	3	15	15	9	18	53	77	53	50	42	49	ENSG00000284946	AC068831.7
23	23	31	27	18	11	1	5	0	1	2	0	ENSG00000163347	CLDN1
1031	1652	1098	1004	923	612	57	76	239	14	12	32	ENSG00000197632	SERPINB2
8	5	8	12	2	0	8	6	3	159	253	107	ENSG00000101638	ST8SIA5
73	64	94	69	41	55	3	4	4	7	5	11	ENSG00000083454	P2RX5
1728	1434	1779	1375	1356	1221	334	300	252	479	525	372	ENSG00000139318	DUSP6
175	124	174	245	122	134	7	6	8	30	13	21	ENSG00000180596	HIST1H2BC
5	12	8	12	3	7	1	0	2	2	0	3	ENSG00000129951	PLPPR3
2	1	3	0	3	5	0	0	0	0	0	0	ENSG00000256292	LINC02376
53	44	23	60	54	45	13	2	12	10	8	6	ENSG00000155011	DKK2
1	2	2	2	3	5	0	0	0	0	0	0	ENSG00000135373	EHF
55	51	36	77	30	21	0	4	16	12	8	13	ENSG00000019582	CD74
213	448	482	633	469	687	2895	3443	2765	2095	2115	2309	ENSG00000111206	FOXM1
0	4	3	2	2	9	5	8	10	12	38	13	ENSG00000176928	GCNT4
176	483	573	320	492	756	32	127	75	12	73	41	ENSG00000113389	NPR3
15	5	7	14	12	6	0	1	0	1	1	7	ENSG00000230882	AC005077.4
12	9	13	13	12	11	14	16	6	123	151	120	ENSG00000170271	FAXDC2
29	1	4	8	0	1	0	0	0	1	1	0	ENSG00000237596	AL138828.1
7	11	8	12	20	5	0	0	0	2	3	3	ENSG00000168032	ENTPD3
2	3	10	11	2	9	1	0	0	0	2	0	ENSG00000271344	AC018638.6
16	18	20	14	18	12	2	2	1	8	7	2	ENSG00000203780	FANK1
33	14	25	14	25	37	1	0	1	0	0	0	ENSG00000186847	KRT14
669	198	602	647	112	402	39	41	34	133	77	77	ENSG00000119938	PPP1R3C
3	1	0	2	1	0	6	3	0	14	10	10	ENSG00000167371	PRRT2
319	561	459	1759	538	1306	5642	7203	3400	2824	3379	2652	ENSG00000148773	MKI67
72	35	82	80	36	97	5	7	0	10	3	2	ENSG00000163995	ABLIM2
6	11	6	16	4	8	3	3	3	3	0	0	ENSG00000205835	GMNC
77	48	23	118	52	52	10	0	13	10	3	9	ENSG00000104237	RP1
1	2	3	1	3	2	16	5	21	15	12	6	ENSG00000151364	KCTD14
41	18	47	29	34	41	2	21	2	0	5	0	ENSG00000248869	LINC02511
46	29	44	53	22	12	17	21	9	402	351	334	ENSG00000167676	PLIN4
23	27	40	17	37	20	2	7	1	0	1	0	ENSG00000226835	AC097059.1
760	1420	1346	1518	2322	2047	149	237	230	462	452	653	ENSG00000079931	MOXD1
2	3	8	3	1	2	0	0	0	0	0	0	ENSG00000270490	AC110048.1
6	7	12	12	18	7	0	1	6	0	4	4	ENSG00000282034	AC106886.5
37	5	11	41	4	4	152	28	94	93	34	56	ENSG00000128918	ALDH1A2
3	1	3	3	2	2	0	0	0	0	1	0	ENSG00000271784	AL031055.1
147	281	281	403	402	371	1616	2225	2236	830	775	855	ENSG00000134690	CDCA8
21	23	41	45	34	31	3	0	2	0	9	1	ENSG00000174325	DIRC1
132	199	256	366	217	315	1612	1819	1628	559	550	633	ENSG00000121152	NCAPH
4	3	7	4	5	1	0	0	0	1	0	1	ENSG00000181126	HLA-V
8	10	7	15	17	16	1	1	1	2	3	6	ENSG00000236045	AL031283.3
1	1	2	1	1	1	12	8	14	0	3	2	ENSG00000251235	SNRPCP2
4	0	5	2	10	0	0	0	0	0	0	0	ENSG00000157766	ACAN
0	0	2	0	0	0	1	8	2	3	12	10	ENSG00000269837	IPO5P1
15	3	4	12	8	1	0	0	0	3	0	1	ENSG00000180730	SHISA2
55	143	89	101	179	136	19	16	45	22	34	48	ENSG00000171346	KRT15
23	26	9	30	52	11	5	0	2	4	3	1	ENSG00000251281	AC034223.2
81	35	67	72	35	48	22	10	10	12	11	4	ENSG00000140022	STON2
1800	1172	1439	955	568	775	158	69	151	102	19	59	ENSG00000106484	MEST
62	10	52	174	56	879	75	9	1	16	12	2	ENSG00000115457	IGFBP2
26	19	17	10	24	28	6	5	4	2	7	0	ENSG00000256128	LINC00944
17	9	5	15	7	6	18	20	13	111	94	134	ENSG00000165879	FRAT1
21	14	3	17	15	6	1	0	5	3	0	2	ENSG00000204287	HLA-DRA
2	1	10	8	4	3	2	2	0	0	0	1	ENSG00000231776	LINC01611
0	1	0	0	0	1	0	7	7	4	4	2	ENSG00000163357	DCST1
9	3	4	9	5	2	0	0	0	1	1	1	ENSG00000217801	AL390719.1
6	5	11	1	1	4	3	5	6	65	75	60	ENSG00000204851	PNMA8B
13	4	6	19	6	19	0	1	0	1	0	0	ENSG00000124731	TREM1
4	5	1	0	3	7	0	0	0	0	0	0	ENSG00000173626	TRAPPC3L
28	31	23	15	54	25	4	1	8	8	9	10	ENSG00000187642	PERM1
355	220	229	323	119	210	51	46	32	92	42	50	ENSG00000184156	KCNQ3
3	6	12	12	4	21	6	37	20	58	122	93	ENSG00000170214	ADRA1B
14	2	4	48	8	22	2	3	6	2	0	2	ENSG00000106278	PTPRZ1
1	0	0	3	0	0	9	4	4	10	2	3	ENSG00000186310	NAP1L3
30	32	24	54	32	15	14	4	7	11	4	6	ENSG00000135951	TSGA10
7	9	10	7	9	16	26	21	8	76	72	99	ENSG00000136274	NACAD
9	13	11	22	12	10	79	101	101	36	40	39	ENSG00000171791	BCL2
141	603	459	243	534	575	22	184	81	32	196	103	ENSG00000169851	PCDH7
9	8	4	17	135	146	14	7	26	5	7	10	ENSG00000205670	SMIM11A
0	1	0	0	1	0	7	12	5	3	7	2	ENSG00000183850	ZNF730
17	11	17	9	7	24	6	2	5	6	1	0	ENSG00000205129	C4orf47
632	280	347	637	223	352	76	21	16	66	15	28	ENSG00000152402	GUCY1A2
117	46	75	125	50	63	10	4	20	35	16	19	ENSG00000137393	RNF144B
6	2	6	5	3	2	35	18	37	15	14	19	ENSG00000170962	PDGFD
211	158	90	227	145	86	50	10	37	46	17	63	ENSG00000154310	TNIK
1	2	1	2	0	0	1	6	2	9	14	5	ENSG00000139200	PIANP
69	15	48	33	23	26	4	4	5	2	3	5	ENSG00000134548	SPX
23	12	11	92	9	21	0	0	0	0	0	0	ENSG00000211895	IGHA1
10	5	11	4	5	7	6	1	2	0	1	0	ENSG00000205830	AC024132.1
1090	711	1108	493	234	524	37	50	26	12	11	9	ENSG00000128510	CPA4
1	1	0	3	2	1	15	15	19	14	21	18	ENSG00000100473	COCH
351	723	812	1150	1308	1201	5413	6323	6227	2908	2639	2736	ENSG00000089685	BIRC5
14	12	8	30	23	22	0	1	0	2	0	0	ENSG00000242808	SOX2-OT
9	10	8	36	21	17	82	47	39	96	79	86	ENSG00000117676	RPS6KA1
2	0	2	2	2	0	5	11	8	6	14	0	ENSG00000143845	ETNK2
3	2	5	4	8	2	0	0	2	0	0	0	ENSG00000254560	BBOX1-AS1
1398	468	803	94	43	127	3964	3800	5922	787	673	568	ENSG00000130203	APOE
19	37	6	36	40	28	0	0	0	3	5	0	ENSG00000082293	COL19A1
20	19	21	8	4	26	2	2	5	2	9	1	ENSG00000129910	CDH15
12	3	11	2	6	7	0	0	0	0	1	3	ENSG00000189238	LINC00943
254	195	235	296	290	213	5	0	12	11	11	4	ENSG00000152463	OLAH
4	2	3	2	0	0	23	54	31	82	243	26	ENSG00000196616	ADH1B
94	169	202	315	178	323	1529	1758	1506	598	651	658	ENSG00000186185	KIF18B
145	276	242	157	200	212	30	29	118	9	17	28	ENSG00000166396	SERPINB7
10	32	77	2	14	34	146	169	60	237	437	172	ENSG00000007237	GAS7
5	6	3	5	5	6	0	2	0	0	4	0	ENSG00000198829	SUCNR1
6	18	11	4	63	19	0	3	6	1	10	10	ENSG00000118849	RARRES1
20	8	8	16	3	11	26	12	26	117	42	63	ENSG00000139266	MARCH9
2	6	9	3	7	4	13	53	15	15	62	37	ENSG00000064655	EYA2
0	0	0	0	0	0	1	10	3	7	1	5	ENSG00000164684	ZNF704
29	7	25	36	7	22	0	2	1	10	6	6	ENSG00000232973	CYP1B1-AS1
189	400	440	830	770	811	3700	4162	3865	1738	1814	1622	ENSG00000113368	LMNB1
37	20	2	59	40	0	4	0	1	2	0	2	ENSG00000196126	HLA-DRB1
10	1	10	24	3	6	0	1	0	0	0	1	ENSG00000231574	LINC02015
154	287	319	586	626	477	2361	2682	2884	1587	1431	1413	ENSG00000164104	HMGB2
6	5	2	1	5	10	0	0	0	0	0	2	ENSG00000064787	BCAS1
2	6	3	2	0	2	34	6	37	12	7	18	ENSG00000107562	CXCL12
3	2	0	5	0	1	10	13	13	6	5	8	ENSG00000280020	AC116407.3
9	30	24	13	19	17	87	159	122	99	112	118	ENSG00000144152	FBLN7
0	0	1	0	0	0	0	3	0	12	13	3	ENSG00000231274	SBK3
16	17	29	67	30	31	3	5	10	0	3	8	ENSG00000169252	ADRB2
8	19	26	16	44	29	0	0	0	0	4	2	ENSG00000181634	TNFSF15
644	3255	11295	2225	3959	19466	11	859	74	27	3556	651	ENSG00000146197	SCUBE3
1	16	2	1	1	5	0	0	0	0	1	1	ENSG00000205744	DENND1C
147	240	195	532	547	490	2191	2741	2781	643	536	393	ENSG00000170312	CDK1
17	13	12	9	5	7	0	0	0	0	0	0	ENSG00000186832	KRT16
16	18	34	17	10	16	2	4	12	2	5	3	ENSG00000248323	LUCAT1
2	0	1	1	0	0	9	23	11	6	13	6	ENSG00000278962	AC092645.1
6	10	2	25	11	3	0	1	1	3	0	1	ENSG00000241956	AC109466.1
0	2	1	1	1	2	11	12	14	4	5	5	ENSG00000101306	MYLK2
0	0	0	0	0	0	3	2	4	6	5	2	ENSG00000111049	MYF5
8	2	0	10	4	2	0	0	0	0	2	0	ENSG00000101210	EEF1A2
319	216	204	550	177	405	71	156	76	15	71	28	ENSG00000023445	BIRC3
71	73	99	20	8	7	4	1	11	1	1	1	ENSG00000171658	NMRAL2P
4	9	4	42	17	21	140	132	56	99	126	97	ENSG00000054654	SYNE2
4	9	15	3	4	8	0	1	3	1	2	2	ENSG00000087589	CASS4
10	11	9	21	17	4	7	7	12	162	71	86	ENSG00000164379	FOXQ1
36	60	20	75	61	20	9	7	7	15	2	22	ENSG00000250697	AC010343.3
60	157	137	215	241	226	974	1348	1385	433	326	454	ENSG00000129195	PIMREG
1	8	2	5	2	4	23	12	9	65	47	85	ENSG00000128602	SMO
21	16	29	74	46	61	636	749	596	218	205	228	ENSG00000186193	SAPCD2
29	13	10	64	47	58	13	5	6	7	7	12	ENSG00000172201	ID4
0	1	0	0	0	0	1	3	0	2	8	4	ENSG00000272950	AC093799.1
9	9	0	10	4	7	2	0	1	0	0	0	ENSG00000249102	AC034223.1
7	3	6	2	8	3	43	38	37	45	25	29	ENSG00000065717	TLE2
23	16	14	16	15	15	1	1	1	10	7	4	ENSG00000167554	ZNF610
45	26	16	50	45	46	5	6	1	8	22	17	ENSG00000081853	PCDHGA2
12	4	12	1	1	0	0	0	0	0	1	0	ENSG00000127533	F2RL3
0	2	0	0	1	0	4	5	4	4	3	7	ENSG00000284428	AC092329.4
7	0	1	0	3	0	34	12	25	10	4	10	ENSG00000228536	AL513283.1
1	0	0	3	2	2	8	3	1	6	14	5	ENSG00000253366	AC139272.1
2	0	1	3	3	1	13	7	6	8	10	8	ENSG00000164946	FREM1
3841	2845	3409	4252	5560	4169	279	453	510	830	1027	942	ENSG00000147889	CDKN2A
4	4	3	3	3	5	0	0	0	0	2	0	ENSG00000156219	ART3
7	7	31	10	7	21	1	0	3	1	2	0	ENSG00000138135	CH25H
8	5	13	5	2	12	0	7	2	1	1	0	ENSG00000280143	AP000892.3
822	172	2367	817	73	1845	99	265	17	219	571	34	ENSG00000198848	CES1
112	85	93	71	114	45	4	1	5	4	1	5	ENSG00000260454	AL355607.2
3	2	3	10	6	8	0	1	0	3	1	1	ENSG00000254827	SLC22A18AS
7	6	21	13	0	6	75	47	27	149	92	82	ENSG00000077420	APBB1IP
5	5	14	8	13	8	56	52	51	37	29	28	ENSG00000226887	ERVMER34-1
3	3	1	1	5	3	28	8	15	121	133	109	ENSG00000165269	AQP7
7	4	5	6	10	5	2	0	0	0	0	0	ENSG00000169306	IL1RAPL1
614	1509	1498	441	1048	1394	154	192	189	105	119	108	ENSG00000058085	LAMC2
0	0	0	0	2	0	2	1	3	9	10	7	ENSG00000077264	PAK3
4	0	12	10	6	8	1	2	0	0	0	0	ENSG00000146678	IGFBP1
341	339	235	379	192	230	41	43	40	56	84	69	ENSG00000159217	IGF2BP1
18	8	22	25	20	22	2	4	0	2	9	7	ENSG00000169583	CLIC3
489	470	487	557	895	622	44	28	51	147	161	202	ENSG00000178531	CTXN1
39	157	89	87	102	85	0	5	11	1	1	7	ENSG00000221852	KRTAP1-5
296	330	325	255	275	186	28	24	16	24	41	35	ENSG00000240476	LINC00973
29	39	39	66	66	46	1	1	0	5	5	14	ENSG00000127585	FBXL16
240	708	663	926	981	987	5703	6669	6361	2130	2097	2373	ENSG00000166851	PLK1
4	9	0	4	6	0	0	0	1	0	0	0	ENSG00000242550	SERPINB10
98	1	7	77	8	1	2	0	0	2	2	1	ENSG00000164418	GRIK2
7	2	3	5	6	13	0	1	0	3	4	0	ENSG00000167680	SEMA6B
77	164	165	224	286	237	1113	1377	1633	440	441	550	ENSG00000178999	AURKB
0	1	0	0	2	0	3	0	2	11	8	7	ENSG00000231453	LINC01305
68	63	54	47	37	28	7	10	9	13	18	5	ENSG00000233822	HIST1H2BN
1	0	1	0	0	1	2	10	3	1	2	6	ENSG00000273188	AL022328.3
95	204	231	305	256	271	1301	1623	1534	415	423	373	ENSG00000165480	SKA3
14	25	25	24	33	10	0	1	2	1	0	3	ENSG00000197506	SLC28A3
111	16	36	88	14	47	4	1	0	6	8	2	ENSG00000183421	RIPK4
8	15	7	23	17	24	94	55	83	63	77	68	ENSG00000198885	ITPRIPL1
3	2	4	7	4	0	0	1	0	0	1	0	ENSG00000174844	DNAH12
87	66	47	30	59	23	345	283	588	157	125	122	ENSG00000130208	APOC1
196	165	237	210	189	203	27	15	26	81	60	38	ENSG00000158373	HIST1H2BD
6	11	7	0	4	7	47	30	40	8	15	6	ENSG00000269970	AL162424.1
3	8	5	10	8	6	0	3	2	0	0	3	ENSG00000179133	C10orf67
1	2	2	7	5	1	0	1	1	0	0	0	ENSG00000189409	MMP23B
1	3	4	6	13	0	0	1	2	0	0	0	ENSG00000257522	AL133166.1
3	3	3	5	9	0	0	0	0	0	0	1	ENSG00000176884	GRIN1
5	7	4	9	0	1	0	0	0	0	0	0	ENSG00000240386	LCE1F
77	62	45	52	52	52	186	78	120	1072	556	1054	ENSG00000159164	SV2A
7	4	6	0	4	4	22	28	6	38	35	24	ENSG00000174740	PABPC5
2	0	2	2	3	0	8	21	14	1	12	9	ENSG00000152583	SPARCL1
326	248	469	205	223	293	73	134	80	46	79	44	ENSG00000114771	AADAC
1	0	0	0	0	0	10	7	7	1	0	2	ENSG00000166670	MMP10
15	6	1	8	7	0	0	0	0	3	0	0	ENSG00000214866	DCDC2C
3	2	2	2	2	0	6	7	2	39	36	37	ENSG00000146411	SLC2A12
155	148	135	152	67	84	5	28	12	44	55	41	ENSG00000048052	HDAC9
672	739	509	551	445	361	55	20	65	139	110	220	ENSG00000099337	KCNK6
42	65	82	45	110	118	6	16	18	2	11	16	ENSG00000130751	NPAS1
361	327	328	390	358	257	69	61	76	76	66	62	ENSG00000276180	HIST1H4I
347	443	431	194	333	315	1	11	7	1	5	5	ENSG00000212724	KRTAP2-3
0	0	0	0	0	0	5	10	7	7	1	3	ENSG00000271888	AL136162.1
12	3	49	6	6	80	1	1	8	0	11	0	ENSG00000228695	CES1P1
6	2	2	5	2	1	53	2	3	45	12	11	ENSG00000078549	ADCYAP1R1
21	17	6	12	28	8	1	10	2	0	1	3	ENSG00000164106	SCRG1
8	2	3	3	2	0	9	1	1	120	50	64	ENSG00000101265	RASSF2
0	0	0	0	0	1	4	1	1	1	4	4	ENSG00000272442	AL353588.1
2	4	2	6	1	2	12	3	5	15	19	28	ENSG00000110900	TSPAN11
81	80	79	150	115	111	21	14	38	14	24	44	ENSG00000148680	HTR7
3	6	7	2	1	3	26	25	12	78	72	29	ENSG00000123360	PDE1B
5	4	7	2	7	3	0	1	0	0	4	0	ENSG00000180539	C9orf139
12	14	25	37	21	25	1	4	3	10	10	3	ENSG00000099849	RASSF7
34	50	62	50	28	29	14	9	8	11	10	6	ENSG00000273802	HIST1H2BG
4	2	6	13	9	2	0	0	4	2	0	0	ENSG00000166960	CCDC178
6	2	2	4	2	11	0	0	0	0	0	0	ENSG00000254300	LINC01111
6	16	15	3	5	8	0	0	8	0	1	3	ENSG00000150722	PPP1R1C
0	0	0	4	0	1	6	11	1	3	13	3	ENSG00000250305	TRMT9B
677	1526	909	825	1555	1172	7	27	104	19	18	64	ENSG00000131737	KRT34
85	85	117	130	158	96	4	8	7	46	33	35	ENSG00000261040	WFDC21P
10	5	1	2	5	2	11	1	3	41	33	25	ENSG00000101115	SALL4
1	6	1	34	18	10	0	0	0	0	0	0	ENSG00000181449	SOX2
1	5	58	1	2	16	2	2	1	0	3	0	ENSG00000179603	GRM8
19	16	17	50	30	55	0	3	0	0	5	5	ENSG00000166510	CCDC68
11	2	7	40	9	32	0	1	2	10	9	4	ENSG00000156687	UNC5D
6	3	7	8	0	2	1	1	0	0	0	1	ENSG00000260132	AL032819.1
15	13	11	19	13	10	28	24	28	100	110	94	ENSG00000108984	MAP2K6
29	17	41	25	10	19	0	1	3	2	1	2	ENSG00000136244	IL6
5	1	2	0	0	0	2	6	0	25	23	16	ENSG00000257038	AP002761.3
1	0	2	1	0	1	17	39	4	9	16	4	ENSG00000162706	CADM3
38	19	31	18	26	22	2	6	1	14	2	2	ENSG00000232774	AL355916.1
6	1	1	1	1	3	12	23	4	40	12	16	ENSG00000035664	DAPK2
2	0	2	3	0	3	7	8	10	11	5	13	ENSG00000131094	C1QL1
6	6	6	4	0	9	0	0	1	0	2	0	ENSG00000230257	NFE4
1113	913	1311	1071	981	804	53	32	40	388	264	243	ENSG00000180573	HIST1H2AC
157	91	112	152	85	40	11	11	23	16	10	11	ENSG00000236453	AC003092.1
123	110	98	123	99	68	8	4	5	28	33	16	ENSG00000138378	STAT4
100	264	114	295	459	254	4	22	26	15	41	39	ENSG00000164220	F2RL2
1	1	2	36	15	12	0	1	0	1	3	0	ENSG00000128052	KDR
2615	5790	6502	2936	3076	3931	5	32	28	41	126	134	ENSG00000166923	GREM1
419	215	430	362	130	228	4	5	5	11	46	30	ENSG00000090339	ICAM1
11	6	6	3	11	5	0	3	0	0	2	4	ENSG00000189108	IL1RAPL2
444	443	284	271	358	429	62	19	24	30	34	29	ENSG00000139364	TMEM132B
1	0	0	0	0	0	5	1	7	5	0	3	ENSG00000271537	AC009220.3
3	11	2	5	2	1	0	1	0	0	0	0	ENSG00000235448	LURAP1L-AS1
151	341	318	474	332	472	2434	2816	2517	1005	922	1104	ENSG00000075218	GTSE1
4	1	1	5	0	2	38	45	38	169	217	57	ENSG00000169418	NPR1
0	8	1	0	6	0	16	6	18	11	16	16	ENSG00000256771	ZNF253
60	12	33	58	16	33	7	2	2	3	2	0	ENSG00000116745	RPE65
0	0	0	0	1	0	1	0	0	28	4	3	ENSG00000100336	APOL4
919	668	903	580	282	565	91	114	92	128	166	100	ENSG00000157064	NMNAT2
3	15	5	2	7	2	25	21	15	43	34	32	ENSG00000186907	RTN4RL2
2	4	16	3	6	8	1	1	0	5	2	0	ENSG00000225205	AC078883.1
56	44	35	17	8	7	358	111	257	194	118	151	ENSG00000188064	WNT7B
37	37	14	27	13	6	167	138	148	152	86	139	ENSG00000206190	ATP10A
0	0	1	0	0	0	0	4	5	4	2	4	ENSG00000230185	C9orf147
12	14	14	11	10	12	20	20	19	178	189	196	ENSG00000182175	RGMA
1	4	6	2	0	2	0	0	0	0	0	0	ENSG00000178457	LINC00314
998	11476	2040	2058	14855	4722	8	31	137	190	351	1695	ENSG00000171345	KRT19
181	331	365	543	596	539	2989	3092	3295	1123	931	1089	ENSG00000101057	MYBL2
4	3	9	4	0	0	1	5	6	42	32	37	ENSG00000169071	ROR2
27	45	10	45	58	5	0	2	6	3	0	3	ENSG00000118785	SPP1
2	6	2	3	2	3	0	0	0	0	0	0	ENSG00000113946	CLDN16
348	556	393	354	532	411	46	35	55	159	131	185	ENSG00000115828	QPCT
2	3	2	3	1	2	3	7	2	18	17	10	ENSG00000141750	STAC2
2	5	3	7	8	2	0	0	1	1	2	0	ENSG00000222898	RN7SKP97
0	0	0	1	1	0	0	0	0	18	22	12	ENSG00000100078	PLA2G3
6	11	16	10	11	7	0	2	2	4	0	0	ENSG00000167642	SPINT2
131	68	52	134	42	38	6	1	8	10	3	1	ENSG00000182585	EPGN
236	318	327	386	337	436	16	37	46	50	142	111	ENSG00000136542	GALNT5
3	5	13	10	4	10	0	0	2	6	3	0	ENSG00000101842	VSIG1
0	3	7	7	9	3	0	0	0	0	0	0	ENSG00000087250	MT3
8	8	3	9	2	2	1	1	1	1	1	2	ENSG00000231064	AC234582.1
5	2	7	3	4	1	0	0	0	0	0	0	ENSG00000244558	KCNK15-AS1
15	13	11	13	16	2	0	0	1	4	3	4	ENSG00000112053	SLC26A8
0	32	1	0	12	1	0	0	1	1	0	0	ENSG00000270276	HIST2H4B
5	3	3	8	7	0	0	0	0	0	0	0	ENSG00000184106	TREML3P
2	1	4	6	22	4	0	0	0	0	0	0	ENSG00000159763	PIP
22	23	12	33	18	9	0	0	0	2	1	0	ENSG00000268812	AC004264.1
10	2	9	0	5	2	49	64	46	19	3	6	ENSG00000147257	GPC3
5	2	8	4	2	5	0	0	0	2	0	0	ENSG00000016490	CLCA1
1391	1441	942	1307	887	905	19	34	33	69	40	60	ENSG00000128342	LIF
151	349	380	441	576	514	2514	3399	3994	761	803	896	ENSG00000175063	UBE2C
6	7	16	17	14	16	98	126	126	57	41	38	ENSG00000257167	TMPO-AS1
149	31	57	79	14	36	5	10	10	14	9	11	ENSG00000167641	PPP1R14A
3	2	3	7	8	3	0	0	0	0	0	0	ENSG00000144191	CNGA3
0	1	4	0	2	3	16	15	17	5	9	2	ENSG00000274825	AL023803.2
6	2	3	3	5	10	0	0	0	0	0	0	ENSG00000114638	UPK1B
705	570	865	536	461	650	26	42	14	128	178	67	ENSG00000125089	SH3TC1
2	2	5	4	1	0	0	0	0	0	0	0	ENSG00000250271	AC068647.2
28	19	16	33	14	7	204	78	261	69	28	55	ENSG00000163737	PF4
70	121	123	37	60	58	7	2	0	19	20	30	ENSG00000247095	MIR210HG
0	1	0	5	0	0	6	2	5	12	13	10	ENSG00000267886	AC074135.1
3	5	11	13	15	6	0	0	1	3	0	0	ENSG00000228787	NLGN4Y-AS1
62	81	125	39	98	94	5	2	1	4	19	5	ENSG00000135549	PKIB
16	40	73	28	44	67	3	2	4	4	7	5	ENSG00000133169	BEX1
133	104	105	5	2	2	10	2	21	6	10	13	ENSG00000139269	INHBE
0	0	1	0	2	0	43	29	18	1	4	0	ENSG00000123243	ITIH5
38	87	70	206	178	154	716	877	868	377	346	367	ENSG00000115163	CENPA
23	15	30	19	16	19	0	4	1	1	7	1	ENSG00000177675	CD163L1
30	72	56	95	140	30	0	0	2	1	0	5	ENSG00000235385	LINC02154
0	0	0	1	0	0	5	1	2	22	12	10	ENSG00000108947	EFNB3
19	25	16	12	6	4	1	2	1	2	5	0	ENSG00000076864	RAP1GAP
75	60	96	27	25	42	567	634	788	275	377	284	ENSG00000129009	ISLR
45	50	27	51	90	39	10	2	7	2	6	9	ENSG00000251003	ZFPM2-AS1
0	0	0	1	2	0	3	1	2	19	2	10	ENSG00000148600	CDHR1
4	1	0	3	2	0	5	8	4	13	17	5	ENSG00000139597	N4BP2L1
0	4	1	0	0	0	8	14	26	1	3	4	ENSG00000280079	AC011447.7
0	2	4	2	0	0	3	1	3	26	13	40	ENSG00000129757	CDKN1C
178	423	333	746	859	588	2760	2959	3376	1752	1341	1647	ENSG00000176890	TYMS
25	29	14	19	11	13	45	27	28	127	163	102	ENSG00000197046	SIGLEC15
0	0	1	0	0	0	4	0	1	6	10	7	ENSG00000197291	RAMP2-AS1
57	27	5	89	35	28	16	0	16	13	1	14	ENSG00000186462	NAP1L2
5	5	22	2	9	13	45	44	53	77	70	94	ENSG00000128045	RASL11B
5	2	3	9	9	9	1	0	3	1	3	1	ENSG00000121270	ABCC11
3	1	1	12	3	0	0	0	0	0	0	0	ENSG00000211890	IGHA2
4	2	3	2	1	2	1	0	0	0	0	0	ENSG00000225279	AL121987.1
0	0	0	1	1	0	2	1	0	9	5	5	ENSG00000220161	LINC02076
18	100	52	57	154	163	6	4	13	10	21	21	ENSG00000183760	ACP7
58	39	24	105	76	49	4	4	2	16	9	23	ENSG00000146352	CLVS2
6	4	3	5	7	0	11	9	20	24	18	45	ENSG00000170745	KCNS3
235	110	246	200	48	277	58	122	51	19	26	10	ENSG00000248698	LINC01085
2	6	5	2	8	4	1	0	0	2	2	0	ENSG00000203812	HIST2H2AA3
390	397	488	375	432	468	73	103	306	24	24	81	ENSG00000105509	HAS1
10	2	2	1	5	1	0	0	0	2	0	0	ENSG00000237980	AL590648.3
13	3	17	4	13	1	0	0	2	0	3	4	ENSG00000263718	AC068594.1
0	0	0	0	0	1	2	5	2	2	3	1	ENSG00000147180	ZNF711
1	6	6	4	1	1	16	15	21	38	43	52	ENSG00000166341	DCHS1
0	2	0	0	2	5	9	12	23	5	10	10	ENSG00000183150	GPR19
2	1	0	1	2	0	12	10	7	9	1	5	ENSG00000141314	RHBDL3
41	15	13	37	16	22	17	3	7	6	1	1	ENSG00000137975	CLCA2
1	3	3	6	3	0	0	0	0	0	0	0	ENSG00000212722	KRTAP4-9
2262	2133	2707	1619	1524	2242	133	139	237	88	134	181	ENSG00000124882	EREG
504	877	840	1471	963	1472	5798	5578	4823	3720	3637	3851	ENSG00000010292	NCAPD2
520	781	649	1574	742	1334	6325	8436	6163	2200	2164	1672	ENSG00000131747	TOP2A
3	10	1	1	2	1	0	0	0	0	0	0	ENSG00000278998	AC099552.4
29	19	36	12	14	14	4	4	5	6	2	1	ENSG00000125675	GRIA3
15	9	7	5	6	3	39	117	194	2	1	6	ENSG00000111341	MGP
14	16	17	23	40	23	3	13	3	2	9	4	ENSG00000140798	ABCC12
13	4	4	30	4	11	3	0	0	2	1	0	ENSG00000255282	WTAPP1
58	121	108	86	55	128	5	7	15	9	17	19	ENSG00000096696	DSP
185	107	199	171	85	182	40	33	17	52	28	19	ENSG00000164176	EDIL3
1	3	1	0	2	0	6	5	4	21	37	11	ENSG00000159212	CLIC6
36	11	27	12	19	17	6	10	3	0	6	2	ENSG00000092345	DAZL
60	69	103	61	94	58	13	7	7	28	26	27	ENSG00000269899	AC025857.2
70	194	141	296	317	298	1566	1855	1881	576	447	595	ENSG00000111665	CDCA3
